1000 9890
693 340
489 686
55 587
958 872
975 906
744 362
872 489
239 685
507 94
271 19
111 336
441 828
673 121
378 481
75 259
38 149
632 664
136 157
906 481
21 794
69 690
895 634
522 108
981 13
658 32
877 172
255 360
832 467
777 374
562 708
981 254
126 543
821 613
148 933
240 910
559 145
9 557
212 44
108 555
49 432
740 986
728 2
196 632
515 996
718 669
478 442
524 878
788 971
734 139
516 474
78 902
538 190
832 927
675 379
892 78
666 26
6 523
112 477
580 420
865 241
505 602
508 399
590 757
496 819
465 324
284 792
548 169
272 484
148 319
387 821
135 83
194 525
350 934
475 28
132 747
3 741
262 82
964 72
883 56
332 786
64 868
836 386
985 968
591 408
426 234
501 822
377 888
798 66
722 576
506 604
124 3
87 137
859 80
868 204
907 710
214 244
258 368
185 498
21 604
996 46
696 994
934 364
313 406
80 135
489 821
853 133
195 999
960 757
902 744
139 808
909 260
400 284
700 655
826 830
830 798
730 402
269 54
435 306
330 36
312 551
13 49
507 644
594 680
757 236
499 532
914 463
912 765
298 346
922 962
546 822
619 148
804 955
92 268
149 53
872 824
689 806
429 99
966 266
624 381
512 514
628 285
775 816
408 354
997 608
220 457
582 314
426 650
945 958
391 952
233 156
451 213
24 417
840 212
671 1
896 277
698 161
87 739
355 542
216 888
379 388
853 824
971 760
807 342
371 808
118 250
46 976
431 578
582 646
829 875
828 770
116 540
320 837
997 181
621 521
214 161
472 512
805 677
646 242
704 911
688 260
48 675
699 644
539 683
761 879
522 951
248 918
262 634
411 860
342 180
369 234
43 604
51 354
626 466
350 210
581 670
368 804
166 192
118 201
800 138
784 527
913 173
911 686
516 94
640 938
866 135
947 122
767 325
565 692
878 550
607 172
539 132
853 364
83 677
643 226
424 172
743 301
288 683
273 441
258 15
61 442
136 975
547 495
729 464
602 846
645 402
420 271
677 91
794 28
482 704
875 923
953 693
534 106
100 301
686 145
407 624
509 106
664 943
718 358
974 477
524 235
625 914
284 240
998 129
310 135
202 820
190 686
30 6
640 246
110 304
256 207
836 474
964 279
306 937
60 844
902 229
249 33
512 47
34 831
199 664
590 280
5 238
464 384
617 350
216 481
986 13
569 35
437 339
259 623
137 143
237 810
964 580
420 570
459 20
481 572
528 819
930 583
866 329
977 608
448 338
764 360
408 616
456 893
678 56
511 985
373 792
429 598
35 675
848 438
460 664
889 378
338 528
690 204
599 365
244 777
953 780
746 695
639 697
533 755
386 220
633 95
559 323
12 6
930 324
373 342
571 273
165 608
975 51
196 330
343 677
988 190
277 23
989 935
659 803
664 907
224 898
470 923
971 930
438 421
223 689
59 816
318 735
104 711
157 323
387 603
275 264
189 850
963 151
157 244
983 72
17 833
949 840
107 861
509 705
220 660
529 820
224 607
996 213
323 133
142 715
698 443
498 165
665 991
959 48
271 253
915 182
755 748
659 189
492 282
535 854
119 85
880 997
716 9
60 549
26 757
762 699
744 962
302 606
673 346
565 220
661 745
791 686
481 713
77 601
374 60
526 169
571 768
577 151
942 665
395 758
69 467
30 875
71 133
540 140
923 60
887 743
304 684
502 259
263 836
966 242
316 451
373 685
803 73
889 828
144 212
921 444
226 304
597 815
322 863
598 166
2 65
754 890
351 728
689 825
803 882
184 915
166 807
280 722
561 327
926 585
399 633
319 598
234 121
453 281
435 770
185 603
756 230
131 541
745 371
708 257
438 17
28 947
267 77
146 790
625 969
326 374
119 727
584 158
196 76
362 852
13 770
383 958
63 828
814 732
819 838
870 52
219 18
515 776
132 635
389 340
485 251
712 177
56 949
328 698
593 242
77 33
722 278
100 390
542 53
376 678
158 290
739 553
5 149
741 155
545 480
530 628
786 906
894 635
629 519
632 582
959 165
657 639
432 694
389 334
329 734
682 218
989 974
797 187
982 121
35 908
379 453
70 758
915 289
661 781
773 963
958 321
942 586
374 24
110 343
580 950
674 744
861 955
62 628
959 718
900 760
335 389
338 363
451 664
348 816
184 849
704 24
23 232
173 187
953 348
415 386
120 958
784 127
657 263
131 744
634 683
653 339
893 846
20 688
296 568
81 966
67 375
488 960
395 444
698 831
421 271
612 921
519 447
542 996
966 580
526 741
481 508
665 479
703 691
360 425
751 167
864 690
310 811
2 536
849 219
263 419
431 589
547 876
345 388
396 768
181 54
655 912
402 709
531 421
367 799
214 352
635 551
410 996
753 400
660 964
419 846
133 964
264 781
708 840
838 779
30 340
690 770
290 737
536 249
347 257
354 428
125 571
894 747
916 652
118 300
669 980
912 695
160 76
714 751
330 788
631 102
759 45
541 154
209 657
670 550
511 804
792 688
830 168
161 967
701 197
523 913
909 440
508 642
785 106
550 426
245 106
9 612
250 272
126 423
161 801
900 732
758 184
943 862
865 166
576 30
201 46
590 528
116 415
559 287
672 625
948 998
1 327
519 765
392 836
463 283
590 818
438 47
332 742
349 640
760 634
315 272
564 905
766 83
860 12
54 127
491 691
42 927
581 870
550 518
34 235
21 479
30 7
19 954
363 603
792 336
189 702
137 323
48 354
824 387
693 783
313 130
395 196
24 203
394 453
837 959
768 218
787 358
63 443
48 576
450 940
158 389
640 388
536 213
129 641
792 383
338 973
960 946
199 184
574 924
354 291
83 995
218 466
238 913
497 297
173 686
57 886
708 721
105 828
955 35
880 374
147 707
701 376
803 791
667 264
956 472
840 964
51 31
788 174
238 755
667 441
120 570
1000 958
729 224
268 292
398 611
348 730
226 186
356 809
70 107
843 297
554 940
244 778
373 170
435 523
37 451
461 567
98 723
192 276
853 609
340 660
953 871
951 436
386 332
225 220
23 897
561 346
905 952
654 541
414 262
98 565
300 153
48 194
646 748
654 831
500 883
253 8
932 677
951 203
315 685
138 430
784 500
110 354
242 874
470 890
452 401
533 392
185 250
997 123
545 362
984 251
950 771
717 108
845 55
313 158
812 320
941 612
928 461
95 825
260 258
722 597
685 607
765 721
158 481
968 557
218 148
806 317
863 292
777 335
80 157
388 110
905 92
288 74
803 893
780 465
644 319
995 197
53 503
899 907
518 675
207 550
687 872
134 664
94 172
7 708
208 543
482 210
725 22
675 801
394 908
783 426
421 341
923 79
506 242
433 271
514 528
143 952
424 214
112 345
594 597
712 536
698 599
224 210
395 181
141 393
183 50
103 660
961 684
988 131
400 668
349 343
560 954
443 286
376 235
128 822
353 525
907 60
474 299
368 794
258 568
777 536
831 469
485 105
522 134
318 896
391 645
824 460
767 660
825 885
309 12
211 229
190 257
211 870
376 654
488 417
531 711
2 255
427 206
754 728
85 422
508 801
413 367
566 351
697 28
806 462
147 63
475 730
167 109
920 893
953 916
196 262
195 715
916 498
481 522
686 983
472 562
623 376
274 89
963 978
9 796
583 798
491 334
787 237
792 597
139 810
247 773
984 253
588 967
330 979
131 158
153 634
84 972
857 994
400 173
5 522
335 279
563 48
891 655
491 253
218 863
824 273
349 247
575 953
64 73
407 795
179 936
239 728
794 151
260 751
905 790
376 442
766 715
318 122
698 619
934 667
166 753
747 234
953 671
475 303
420 356
404 865
831 666
135 147
743 126
304 149
983 975
159 25
785 602
20 689
976 679
421 798
814 799
927 4
859 754
219 851
76 760
441 333
707 934
323 423
250 915
180 558
271 657
835 984
885 571
561 221
944 35
945 894
964 174
927 826
148 51
335 655
593 221
702 457
370 78
760 698
928 137
985 603
570 905
878 142
758 951
482 13
78 470
543 648
178 748
664 334
74 941
493 37
351 411
703 118
948 111
290 593
256 545
427 456
433 651
793 939
187 868
497 268
613 726
265 646
434 423
783 204
806 39
347 782
919 284
479 261
869 909
429 624
670 694
359 755
969 523
930 529
869 798
658 249
308 514
44 728
173 508
545 553
567 556
918 318
460 852
763 597
856 177
235 220
110 920
19 815
185 923
693 999
384 475
850 322
338 110
263 903
987 615
816 333
409 937
908 437
289 707
976 607
228 976
135 4
780 895
250 836
862 967
578 480
983 817
675 224
453 754
402 516
854 912
242 839
725 874
779 142
674 440
569 726
649 248
683 298
613 165
505 393
392 385
375 854
87 194
896 17
521 420
958 883
669 228
266 162
636 377
627 358
845 483
631 438
321 271
322 96
324 918
643 870
91 933
664 267
204 983
581 878
321 184
74 369
565 617
717 323
459 22
429 690
905 396
798 709
565 198
288 158
570 556
311 690
97 514
721 456
544 463
84 504
1000 641
735 59
402 381
134 844
943 430
710 495
964 907
861 625
473 944
994 82
50 410
362 408
985 955
454 440
718 789
663 172
33 262
903 765
232 932
140 239
468 236
896 885
210 480
494 952
832 7
169 393
45 806
999 165
670 991
361 721
644 702
884 731
334 316
301 461
960 543
119 943
45 968
373 459
528 46
125 378
344 767
850 185
154 832
963 490
945 75
15 897
200 30
954 235
183 207
77 328
997 823
837 350
608 122
699 149
827 472
167 859
8 800
55 551
284 981
858 510
881 951
272 665
228 810
638 789
238 391
827 627
573 918
8 542
885 868
834 662
7 848
601 641
983 136
60 135
453 776
260 380
376 763
416 146
90 41
878 70
826 485
261 143
939 78
527 547
968 558
783 597
445 138
719 534
593 336
868 350
688 556
185 122
433 723
165 236
807 813
61 535
1000 765
493 672
386 890
960 283
674 725
913 107
990 107
259 9
944 783
83 333
14 285
308 829
610 70
495 696
921 529
961 784
156 566
213 579
785 194
823 398
398 751
165 800
956 45
26 38
46 29
291 152
732 964
478 613
409 71
597 670
637 577
893 567
163 80
22 501
723 104
46 511
969 141
710 806
548 69
606 727
944 474
544 686
158 868
625 975
702 865
337 135
600 571
584 128
909 613
612 630
743 907
341 696
231 628
108 677
940 204
821 383
90 235
811 185
372 685
324 712
720 253
646 21
462 602
947 566
125 932
682 841
635 891
800 788
359 923
360 779
693 87
74 537
165 430
345 59
501 454
686 980
446 345
319 725
692 397
14 924
386 572
539 494
326 258
473 206
19 342
949 282
207 517
562 532
523 742
908 616
621 247
827 664
899 887
661 892
791 829
407 52
771 928
250 139
251 446
269 51
472 385
291 967
808 315
331 454
294 718
207 347
725 154
156 747
340 120
808 202
644 848
874 60
169 368
62 709
909 116
213 615
16 493
242 629
473 650
187 372
575 777
580 741
434 807
183 992
926 536
54 887
495 803
436 584
633 134
444 611
15 840
642 226
550 987
992 99
497 699
408 148
980 524
547 163
950 172
771 555
557 6
79 454
135 432
121 564
214 619
717 320
310 190
168 643
750 760
989 620
556 81
280 236
959 404
674 4
732 306
845 109
99 663
426 205
450 215
434 239
521 280
797 123
8 825
857 400
360 216
512 245
640 442
824 199
761 477
937 616
781 679
768 286
588 183
735 288
312 906
223 301
227 25
330 786
661 702
166 116
27 286
543 482
226 946
9 648
826 977
153 597
45 543
463 816
726 894
801 533
180 708
455 684
295 987
335 490
299 832
639 280
253 589
92 717
294 581
558 790
17 863
192 155
794 232
154 75
965 897
178 373
344 629
254 472
182 405
59 218
277 143
188 830
281 68
814 94
466 56
106 211
16 247
126 22
861 65
663 335
478 659
124 531
8 626
702 942
119 744
194 705
943 668
825 609
951 225
257 413
556 279
78 119
315 643
337 207
893 946
297 372
807 486
609 379
628 129
439 546
870 322
270 564
751 197
203 627
239 527
974 476
653 975
502 557
656 611
398 561
792 163
102 570
927 575
108 963
345 279
310 599
332 59
868 69
397 625
185 733
463 720
144 656
768 506
181 859
75 488
333 560
9 970
753 109
330 822
757 621
424 335
21 883
564 3
515 577
697 678
40 895
956 693
226 86
958 287
227 275
763 165
691 384
892 519
187 626
516 61
402 397
866 166
175 128
567 642
843 346
593 823
425 837
928 492
249 9
819 405
468 541
126 449
454 456
524 838
27 806
84 957
620 159
92 320
115 993
830 646
173 129
853 623
317 827
958 247
965 900
168 287
866 746
527 653
619 494
513 413
107 274
991 806
866 814
867 748
708 296
357 838
260 481
233 400
440 622
8 850
903 209
719 857
524 239
723 282
617 995
390 63
525 560
219 794
976 910
964 231
656 560
108 769
768 922
289 764
630 922
96 429
243 302
851 559
358 557
695 747
347 284
665 695
668 530
882 14
501 719
82 547
410 986
220 777
403 399
156 196
358 877
534 770
227 192
318 233
75 40
380 418
652 803
807 863
955 936
705 829
799 991
636 211
263 937
14 81
52 908
326 295
420 936
520 502
830 151
248 687
925 673
472 246
327 139
130 709
174 778
998 829
692 835
969 706
821 609
522 725
666 674
170 597
924 366
917 979
994 230
546 959
486 778
857 678
715 256
516 311
991 727
335 83
28 633
395 806
375 682
611 960
56 725
188 887
870 895
712 617
250 552
767 205
549 282
879 519
386 302
338 55
266 936
750 784
362 945
721 677
752 285
96 13
3 459
421 888
704 332
776 841
926 735
475 227
132 832
759 883
480 283
927 179
316 9
589 400
185 826
242 829
793 187
776 935
427 917
708 34
305 497
569 668
290 391
1 98
440 360
426 327
48 349
492 708
717 445
149 433
958 953
970 274
711 675
613 77
782 506
638 528
113 923
848 82
794 856
321 246
29 189
536 783
830 81
808 655
825 311
955 948
902 605
584 906
89 108
456 809
643 607
740 309
246 42
493 605
731 602
420 851
159 139
923 108
401 776
395 535
32 843
105 907
587 59
970 129
523 967
840 877
982 568
35 461
846 94
700 489
757 232
79 796
706 566
819 461
452 738
783 686
73 147
550 367
644 736
885 84
758 194
852 387
46 62
839 903
744 522
148 522
921 270
23 858
743 235
28 716
254 12
809 449
63 750
300 204
513 453
441 482
943 209
819 905
509 51
291 352
129 77
439 936
333 229
775 978
603 715
965 480
724 633
546 361
391 723
253 447
146 539
55 745
168 787
523 155
194 783
768 66
841 524
73 922
350 666
868 979
746 499
526 369
794 905
316 653
461 500
725 931
764 243
859 289
834 993
576 680
460 259
247 197
161 762
513 589
521 74
302 405
708 760
503 492
695 914
130 538
517 414
701 337
852 995
800 435
52 747
972 388
960 324
770 989
207 123
60 189
387 407
896 875
288 560
571 555
952 535
222 857
248 308
425 490
560 663
615 883
272 243
76 937
349 507
461 737
63 701
154 251
380 535
969 214
888 757
206 586
595 108
997 640
390 310
889 222
901 598
385 86
404 246
408 241
944 282
46 679
140 664
162 416
309 319
628 19
175 611
278 522
359 198
525 523
574 780
985 637
11 821
544 807
873 61
567 289
551 924
475 969
629 536
760 873
470 650
836 454
927 937
107 770
315 977
446 165
357 374
252 396
569 438
915 158
203 848
794 865
125 619
199 292
276 595
544 739
271 216
609 37
204 205
901 177
647 589
890 476
709 888
636 200
963 648
255 738
424 701
892 401
910 48
969 596
52 856
705 114
467 355
844 355
637 655
796 222
486 668
400 247
257 530
352 656
558 960
406 445
870 630
193 416
430 55
415 289
202 446
130 435
22 141
689 896
908 230
268 5
804 976
914 854
2 121
956 250
737 217
395 138
107 388
182 374
240 547
225 209
126 51
440 896
976 722
991 801
614 183
279 730
266 151
278 586
775 26
742 203
642 973
877 199
628 230
336 494
216 820
983 68
275 381
310 230
405 514
63 250
447 155
147 183
384 771
350 594
176 421
988 939
358 957
694 827
371 514
172 561
691 547
802 344
734 903
91 899
854 995
356 293
178 517
783 96
436 381
990 700
772 503
668 160
30 589
307 200
442 865
313 607
999 519
892 437
530 208
734 304
626 361
865 551
921 757
539 290
278 330
762 921
523 845
725 645
329 354
773 653
98 33
351 677
174 890
179 800
576 860
409 474
154 494
482 819
909 78
992 285
804 356
454 309
628 608
131 978
540 430
175 389
676 190
805 798
365 791
102 202
797 380
456 424
890 980
373 429
581 136
737 7
512 897
760 846
862 611
296 576
806 950
612 993
629 781
543 93
86 536
859 792
504 609
225 584
153 283
85 720
121 655
693 401
750 738
474 473
876 988
335 692
485 231
21 102
860 277
351 557
829 834
687 422
284 729
687 199
492 596
474 251
539 853
784 382
194 202
322 55
937 626
259 538
960 957
578 356
801 195
252 299
271 227
720 29
873 561
801 188
285 963
723 876
532 452
56 501
721 389
579 995
749 47
472 101
115 594
899 1000
577 198
649 241
8 199
100 597
939 36
322 507
218 568
187 571
351 868
653 826
773 737
540 236
653 907
196 970
857 784
821 757
120 320
4 433
795 454
409 263
407 788
781 39
585 958
969 479
805 161
936 16
596 26
138 982
431 883
50 130
443 21
684 581
301 19
763 680
750 834
159 892
245 726
253 235
59 926
903 139
45 159
121 585
790 88
110 575
96 153
542 1000
432 187
418 98
111 979
196 256
738 699
778 194
500 730
937 803
457 681
315 583
134 249
600 823
160 900
1 278
417 43
850 707
65 537
746 496
534 790
345 313
843 534
366 481
649 337
928 264
433 942
326 984
215 708
735 413
172 281
372 929
179 303
507 138
567 837
271 199
520 337
525 283
520 288
60 489
464 598
69 629
109 884
243 978
976 360
299 932
838 715
360 662
969 520
161 987
201 662
862 221
300 734
688 980
840 827
16 301
749 309
420 199
636 55
957 424
814 275
320 83
141 155
308 956
574 435
525 4
266 700
909 150
676 359
131 449
219 756
607 329
828 42
41 936
260 718
608 644
145 634
121 267
49 486
620 859
253 798
749 889
841 943
366 615
612 859
810 783
346 471
262 354
979 908
140 778
257 98
169 660
349 668
520 696
150 471
300 64
564 917
11 63
698 223
550 852
935 734
573 685
741 283
577 810
484 308
418 5
661 58
21 475
370 143
210 484
525 923
876 945
806 728
259 807
336 402
82 682
798 12
929 227
274 98
937 680
226 185
774 21
68 760
979 732
823 632
114 106
21 558
911 213
147 120
298 244
655 259
527 485
269 437
381 689
19 178
717 823
631 209
741 320
711 281
749 102
715 218
327 16
389 133
592 175
579 449
449 130
269 151
752 293
218 577
535 668
174 798
563 335
139 708
714 880
53 802
899 222
278 137
527 974
533 653
532 816
554 936
593 838
922 916
101 651
227 576
452 545
639 143
767 90
14 550
642 279
718 570
19 844
796 620
672 546
13 342
876 322
547 852
957 543
245 285
27 582
941 858
585 80
822 647
733 120
771 839
955 34
149 999
166 911
135 212
232 611
177 422
380 683
475 153
978 16
923 689
157 429
228 146
586 989
862 934
798 334
824 581
540 52
394 332
682 687
383 790
774 215
171 430
111 152
966 62
219 442
493 311
993 663
264 747
648 625
740 223
759 685
579 91
302 790
533 760
473 420
254 739
42 435
226 564
486 936
973 958
246 888
790 938
238 855
775 374
223 129
631 260
816 613
856 530
470 314
271 319
848 150
261 945
997 876
454 878
540 348
961 90
563 314
237 263
848 948
823 496
479 350
378 943
985 253
365 611
834 490
784 731
917 977
574 504
327 580
923 160
27 919
563 73
909 77
733 265
340 343
206 443
282 75
325 23
879 912
970 988
239 561
439 51
206 298
425 577
118 758
581 230
413 660
516 599
962 975
923 639
407 582
173 246
92 68
898 179
283 845
858 703
680 241
289 648
538 973
337 132
524 168
600 574
360 291
250 891
78 173
558 379
254 978
312 437
665 375
884 365
134 18
712 487
149 447
74 470
889 499
548 590
803 686
919 816
920 978
523 351
341 776
752 673
161 282
941 775
994 610
260 482
522 925
962 196
583 756
363 593
130 786
100 880
284 111
69 783
895 695
161 317
735 350
481 639
298 351
190 833
943 269
856 669
359 634
19 347
114 743
153 717
298 494
890 132
450 549
469 263
585 579
605 512
790 498
23 1
409 405
209 987
235 103
587 138
364 1
919 75
545 151
724 481
302 59
287 301
291 806
554 608
597 718
983 741
533 566
571 495
76 903
79 60
136 936
68 291
395 213
589 767
355 76
956 274
67 749
382 470
295 453
851 173
488 965
649 209
1 24
898 262
383 968
901 997
149 128
954 152
98 872
379 557
570 510
439 987
831 346
696 567
842 861
845 106
647 308
543 743
232 119
105 271
177 938
720 385
595 748
583 587
455 212
373 635
617 501
156 151
359 952
340 206
18 144
806 377
476 884
939 280
83 970
263 866
130 617
970 118
540 956
83 955
924 3
557 787
902 475
801 456
910 90
127 386
844 490
630 319
776 26
151 882
981 207
288 340
52 757
62 394
657 154
16 302
164 382
572 339
421 361
896 877
861 779
49 596
562 488
545 591
268 99
256 397
26 262
41 943
387 695
830 745
597 738
395 864
921 581
610 367
371 289
742 368
500 123
818 160
177 40
31 424
736 313
26 355
573 458
171 534
393 528
840 327
580 82
917 461
846 349
116 186
893 990
196 114
894 105
91 332
328 906
208 416
157 377
105 56
402 512
78 229
986 322
767 731
195 473
699 875
938 481
613 161
798 13
52 375
270 426
253 306
237 845
154 806
699 984
223 398
800 400
696 834
882 21
20 260
705 564
851 882
583 559
267 677
696 817
694 716
790 911
517 845
385 529
186 991
906 435
651 571
691 630
216 406
70 529
713 966
284 87
472 572
971 183
102 418
939 405
246 481
66 795
71 390
346 571
700 734
22 566
887 360
501 221
247 969
675 776
855 654
526 774
70 140
791 870
648 496
443 732
235 926
309 242
771 394
899 193
793 582
6 345
683 694
278 142
779 577
598 455
948 562
734 7
681 409
442 399
979 220
541 701
637 968
767 69
110 952
697 871
296 840
117 176
28 647
12 60
947 491
35 229
202 670
933 350
305 159
987 583
344 707
365 96
25 40
707 580
487 704
642 169
491 517
720 713
367 414
258 702
99 788
633 300
102 921
732 32
771 612
868 544
336 337
798 335
86 621
453 722
864 839
205 113
9 478
600 833
820 562
512 483
877 575
163 581
371 742
155 981
281 530
959 249
876 390
560 430
946 843
376 767
87 339
74 926
128 282
683 40
117 796
69 921
329 804
517 161
579 415
581 140
522 841
27 445
751 670
147 772
541 172
579 777
415 963
930 613
777 494
219 967
175 67
450 734
415 592
94 145
829 450
6 836
191 725
692 846
186 132
236 66
574 366
922 727
373 119
193 273
452 634
752 32
295 924
755 668
558 994
210 692
305 483
670 940
199 620
735 846
991 720
867 478
410 133
323 636
49 132
216 777
126 371
36 95
555 953
224 215
154 142
67 611
432 292
611 594
980 523
576 350
653 297
323 666
90 691
676 926
110 694
606 731
91 263
715 833
590 879
348 366
573 611
428 214
824 661
984 926
312 455
185 831
594 37
742 245
357 89
965 410
15 647
492 688
129 768
354 817
873 251
196 826
99 639
134 162
964 341
858 240
53 18
935 84
63 105
1000 1
327 292
459 244
351 418
152 748
652 989
467 737
893 443
911 12
660 780
517 133
630 566
630 383
800 903
798 758
416 912
915 438
187 863
226 827
208 722
635 93
304 913
754 325
517 423
136 414
999 549
804 597
112 13
503 555
342 623
148 832
98 451
136 764
744 593
513 357
184 744
995 672
679 632
143 776
537 513
821 593
390 559
50 128
73 97
291 182
795 61
451 444
508 571
440 971
495 815
616 984
376 157
953 531
441 487
907 206
598 971
379 703
419 312
383 971
101 134
67 266
298 821
219 199
441 193
523 15
488 228
161 194
630 995
876 847
860 324
717 461
546 215
86 772
125 866
785 921
937 690
989 665
424 795
759 743
561 946
677 887
83 454
215 849
147 241
419 884
167 210
355 882
318 74
692 339
530 594
413 334
587 527
290 763
937 620
722 534
137 148
467 765
265 312
859 448
878 348
668 234
838 702
905 706
532 585
518 620
446 603
92 357
87 863
826 989
795 134
139 730
801 553
457 499
519 823
518 910
154 437
905 603
579 652
231 129
857 882
862 509
973 956
939 884
559 455
252 440
941 932
165 740
741 193
885 166
889 163
463 368
54 855
275 934
167 588
499 388
228 590
653 181
836 781
824 845
144 335
805 566
715 497
819 998
822 532
62 823
805 647
390 87
674 322
309 429
384 28
573 796
742 189
910 985
548 462
192 418
593 163
846 239
394 380
879 109
807 192
759 715
560 387
389 39
263 530
135 839
752 667
21 556
298 99
997 291
428 738
983 368
894 949
952 412
882 101
556 742
991 179
587 696
489 869
24 667
80 326
243 658
317 423
815 408
881 52
459 922
646 386
631 64
647 991
373 880
84 261
195 932
126 664
326 334
91 759
115 769
412 675
363 215
934 792
293 224
80 755
93 275
495 675
84 74
302 1
710 130
478 454
540 325
191 999
434 792
225 101
226 406
288 829
133 382
519 590
157 649
470 688
841 60
510 209
612 889
831 729
943 719
803 120
275 563
334 82
232 500
299 609
862 932
885 589
318 710
48 38
567 401
401 778
280 185
154 670
327 541
953 150
954 953
369 367
774 100
299 4
99 863
105 309
556 932
260 377
298 948
320 644
263 630
195 324
513 144
271 27
272 971
475 756
6 284
7 621
450 906
432 641
952 440
660 873
610 684
475 613
422 44
316 551
320 418
742 741
247 25
963 728
782 316
806 134
756 769
616 244
52 865
375 373
251 331
126 805
231 507
459 902
722 768
545 793
692 216
126 692
42 549
517 467
631 981
852 806
701 7
773 650
83 336
852 856
481 524
178 68
785 52
344 868
348 692
455 624
666 721
574 510
596 146
400 172
212 155
453 702
714 229
328 440
666 320
926 918
470 837
745 69
666 499
779 688
880 33
728 808
177 230
965 69
35 128
715 610
10 462
905 990
799 194
451 336
568 308
314 952
375 893
7 495
861 310
220 418
689 109
674 283
875 646
976 991
135 472
121 652
713 496
937 964
721 941
99 529
266 488
820 535
986 315
205 229
781 988
695 708
189 593
81 296
190 154
178 706
431 660
507 114
859 217
164 817
475 720
355 934
786 788
952 84
311 979
5 432
599 264
285 960
821 830
934 503
138 882
752 272
71 64
751 546
536 561
445 395
126 720
311 614
294 880
705 63
210 631
445 508
831 933
909 397
692 803
621 131
677 177
424 41
425 880
248 429
389 725
141 116
566 959
224 406
576 187
4 444
597 859
653 25
411 466
213 610
987 883
658 945
733 363
805 174
933 377
383 438
910 698
41 945
206 405
45 873
227 922
67 945
322 954
110 881
14 533
918 118
461 761
619 106
893 726
289 584
221 217
555 57
932 261
419 170
684 358
153 474
318 956
945 918
894 115
146 885
977 879
440 554
572 723
478 986
997 842
389 137
674 319
661 35
977 406
428 330
581 796
159 458
107 909
110 284
909 856
356 425
501 865
873 214
379 317
253 300
716 644
55 538
411 566
84 646
674 112
582 777
626 153
773 364
137 10
512 202
72 838
483 25
212 569
17 701
234 845
413 563
492 345
421 211
407 256
209 633
716 72
735 188
113 229
756 889
136 44
485 813
252 552
322 303
644 140
558 718
209 795
64 762
397 319
60 754
829 9
673 739
895 792
520 144
135 553
635 311
156 708
50 67
70 6
805 241
476 297
795 423
745 752
219 774
73 179
326 815
516 267
978 374
406 247
230 459
126 136
970 786
185 698
339 528
504 384
31 159
953 701
656 456
646 616
81 906
837 467
215 323
441 258
847 142
979 894
708 320
181 448
177 270
443 461
449 904
720 525
599 726
314 338
280 94
372 460
802 255
363 991
402 657
310 782
169 682
3 946
185 779
650 443
526 750
216 715
567 338
988 645
989 764
95 146
902 221
543 709
160 786
12 787
215 884
346 965
254 714
996 31
635 841
356 190
621 374
82 858
29 353
235 596
696 930
293 316
921 963
204 201
702 88
298 130
212 716
790 751
347 755
519 819
428 912
142 162
91 758
232 951
298 420
83 710
299 901
999 620
430 345
326 478
385 330
799 730
353 348
84 228
526 503
819 107
108 162
40 130
204 653
609 663
558 823
979 222
586 4
865 219
719 224
921 345
481 210
911 397
999 48
420 299
975 59
918 554
943 601
289 575
714 307
399 767
845 539
115 770
762 50
34 292
343 274
680 270
898 349
901 938
284 690
289 850
290 13
98 958
182 7
177 489
564 795
270 618
940 725
981 165
404 500
999 84
450 374
327 540
111 133
422 752
370 1
775 308
134 196
302 938
262 900
507 504
56 784
350 598
960 806
647 382
468 517
566 330
436 91
458 575
864 534
299 293
844 585
506 291
311 974
574 976
636 121
588 244
471 976
520 364
665 837
302 614
468 842
565 292
806 22
633 598
856 307
250 14
490 529
625 202
807 696
298 408
544 80
47 7
50 297
86 491
550 410
493 555
222 251
683 519
813 972
10 907
568 709
736 679
735 827
3 114
942 387
926 772
895 161
810 529
512 871
468 565
936 196
227 974
908 21
909 812
378 622
684 748
956 265
763 881
983 544
126 83
879 627
440 928
37 706
395 146
493 38
279 645
90 544
551 749
988 9
441 314
719 907
963 349
391 988
124 711
861 59
876 726
181 312
476 933
578 956
794 737
393 776
102 778
418 205
613 150
281 579
559 784
619 18
931 409
570 59
128 474
367 771
561 295
688 130
872 447
802 406
459 281
834 871
503 112
983 330
507 117
364 666
754 14
686 879
731 258
513 715
479 409
715 945
665 193
363 368
273 904
716 180
347 827
832 409
743 717
389 562
486 638
108 452
662 906
251 141
212 474
433 467
287 987
308 565
458 102
991 272
577 484
706 640
429 807
32 959
805 220
535 423
369 658
887 624
600 50
469 727
680 906
420 397
97 8
983 742
705 992
2 61
420 284
775 666
146 362
690 494
451 446
548 16
55 32
718 480
538 10
225 285
20 696
19 333
997 760
818 413
158 842
729 782
876 683
200 92
220 391
263 185
82 416
581 906
450 412
340 792
498 432
100 332
906 923
121 687
820 581
110 285
773 807
172 832
319 51
453 825
38 921
366 122
764 153
67 187
988 593
460 90
389 82
414 575
312 33
778 258
851 968
229 996
768 831
94 418
691 652
479 570
414 729
547 963
958 410
762 763
228 366
69 625
730 349
269 367
222 401
908 522
808 398
517 298
829 8
188 496
101 945
502 208
718 24
344 193
734 415
849 951
634 19
362 318
126 431
805 240
255 9
292 5
535 459
586 481
42 738
735 640
540 402
657 330
220 214
493 357
228 761
729 584
676 65
265 488
586 694
172 480
85 961
766 995
76 644
77 349
993 828
10 278
180 922
217 486
723 260
318 552
727 340
341 649
966 920
972 605
132 660
206 989
9 423
724 666
945 659
33 313
363 990
110 313
821 717
427 97
446 223
48 282
903 720
552 922
755 181
920 926
629 660
885 826
545 311
29 94
973 44
91 781
898 813
422 306
816 750
643 879
806 265
332 384
749 209
414 682
843 788
459 15
509 507
207 999
14 127
952 252
421 71
448 427
515 583
551 317
540 50
317 135
944 565
1000 535
395 709
836 321
326 479
163 658
737 580
909 468
213 967
987 924
311 478
573 39
408 743
540 208
504 848
321 622
532 828
480 201
73 174
326 776
818 240
927 278
842 250
809 499
245 281
676 101
474 573
272 264
607 591
779 372
673 100
950 255
655 188
686 340
504 379
927 197
932 685
572 660
855 295
569 650
197 585
381 188
367 121
65 699
687 931
580 14
923 435
195 40
699 904
42 669
595 587
137 359
636 293
656 581
875 972
937 648
423 153
650 47
782 480
379 165
930 303
346 934
130 10
42 447
225 995
890 539
161 347
233 288
833 329
484 64
144 754
790 793
726 111
291 754
825 398
499 887
830 153
908 579
212 336
368 126
576 947
169 99
425 905
128 873
696 268
400 185
170 607
615 579
174 895
359 385
72 705
952 613
644 891
459 631
414 102
559 8
373 229
11 558
231 203
382 845
588 520
37 286
573 188
791 101
353 89
886 301
590 545
295 498
391 64
447 512
84 846
728 594
16 166
491 964
865 87
81 576
816 445
390 352
136 799
966 869
139 160
694 315
963 463
893 786
965 357
452 72
471 252
846 408
615 229
176 58
39 676
659 548
931 267
805 669
497 835
24 109
206 789
157 175
450 347
193 277
190 720
309 20
590 191
756 675
760 678
616 159
319 111
401 534
976 142
170 221
315 796
470 970
899 672
995 267
887 233
392 190
781 700
655 231
547 550
967 849
90 391
735 309
540 805
585 355
137 206
320 146
520 265
302 387
506 38
832 410
557 931
389 561
394 985
830 772
136 272
28 262
911 717
12 537
830 919
923 19
597 1000
736 580
364 381
350 312
381 342
377 67
984 402
415 484
515 970
678 426
771 84
944 512
410 228
888 349
463 409
143 598
145 546
75 673
448 637
840 303
234 66
549 393
55 80
992 122
168 620
350 398
559 608
546 385
79 852
604 399
452 172
711 770
663 518
142 523
192 120
415 363
399 468
461 59
372 490
212 107
12 523
604 173
966 972
950 449
517 546
590 104
449 716
357 459
858 288
437 419
294 500
984 880
725 944
599 91
506 646
158 263
217 713
552 846
61 319
830 277
578 722
119 246
122 598
194 43
656 796
217 890
125 577
627 259
223 180
868 63
800 823
123 96
576 686
27 358
707 264
817 888
692 124
414 734
471 923
43 752
541 145
725 500
161 621
578 150
275 23
585 658
15 407
408 797
615 570
543 699
526 25
231 301
786 314
71 324
110 171
304 621
420 431
586 415
606 90
790 269
993 375
408 571
745 758
250 392
88 291
433 947
144 21
936 241
666 390
116 369
448 955
567 970
997 313
564 370
519 615
908 478
547 358
56 166
107 303
269 532
811 685
63 520
45 109
229 272
345 819
552 351
913 730
903 234
120 193
104 582
837 354
715 594
396 616
898 486
298 554
318 553
436 700
897 166
310 157
646 795
634 793
854 606
432 811
696 616
896 122
437 22
259 810
519 184
981 585
739 539
464 491
835 12
285 243
103 844
294 355
497 117
640 413
750 104
532 155
311 996
518 402
324 813
868 162
62 249
749 842
207 597
423 568
959 986
636 821
85 41
985 123
456 871
420 770
506 193
1 845
771 353
611 126
648 500
357 854
990 6
814 304
486 865
785 222
879 778
109 518
404 220
116 294
266 605
943 773
857 764
490 511
589 929
168 375
961 558
608 677
550 568
664 759
572 960
59 255
338 74
837 36
345 926
514 73
177 494
400 545
148 302
850 64
488 769
591 363
419 313
280 13
637 505
823 772
662 386
885 763
755 227
521 639
65 555
781 949
428 419
627 931
34 998
174 711
350 94
29 33
267 628
569 468
678 662
950 683
788 178
368 691
206 587
54 856
177 839
91 921
366 269
612 109
170 24
958 113
414 647
422 178
705 822
234 325
808 553
334 905
394 802
144 913
622 796
978 62
852 801
782 972
236 446
580 48
98 59
761 361
136 708
65 290
943 59
250 238
911 537
283 260
625 443
960 160
249 927
303 702
179 964
608 722
425 580
119 505
710 911
862 730
644 553
426 778
829 106
84 702
893 672
419 179
665 175
82 43
500 814
198 1000
287 904
897 972
885 445
682 765
25 919
119 606
671 167
492 684
150 754
172 862
781 155
632 370
264 652
450 203
495 751
806 628
789 650
540 512
260 758
13 640
8 729
143 981
702 308
800 812
359 915
216 419
713 817
199 234
407 505
963 697
578 640
290 949
130 926
645 109
829 256
402 884
596 765
338 797
526 224
88 780
142 233
356 549
353 63
491 470
351 701
540 123
687 900
249 232
891 809
657 177
911 716
645 697
762 54
933 403
257 604
30 372
331 591
406 127
607 339
22 79
462 270
196 726
508 704
81 530
98 656
686 17
233 367
586 173
148 384
719 75
340 956
358 465
16 786
542 579
33 142
470 622
290 192
659 174
885 401
46 765
800 553
175 987
323 753
865 965
646 828
173 931
100 334
870 350
450 269
162 121
403 129
205 53
498 1
618 286
886 959
765 477
297 703
882 155
935 487
994 801
446 176
105 498
345 259
933 642
384 705
95 747
427 293
928 270
786 996
94 529
440 216
556 766
924 890
617 504
122 966
86 85
967 820
77 686
66 171
743 781
742 672
692 125
179 418
754 274
78 872
136 47
490 964
826 886
204 902
795 237
812 837
374 114
506 170
895 948
130 644
898 140
117 276
744 546
982 748
591 41
538 424
95 333
903 656
728 86
502 321
342 250
70 5
363 13
735 893
151 476
615 795
629 211
728 965
454 375
884 2
831 963
776 603
376 479
417 675
415 104
328 322
71 762
573 340
137 828
616 202
84 647
380 558
624 404
550 620
241 880
883 385
380 669
987 495
25 192
195 969
540 833
157 451
483 43
538 782
550 205
711 941
106 268
20 956
426 375
389 257
281 392
746 316
910 989
949 889
197 740
185 228
372 638
499 811
918 703
329 770
617 186
683 673
823 630
937 547
264 979
929 967
885 579
627 234
863 714
829 614
540 767
126 930
859 435
521 30
448 318
786 234
41 417
189 233
946 484
104 479
126 531
17 440
881 185
511 962
386 879
558 745
388 289
759 980
800 548
288 373
472 466
952 988
917 854
331 297
957 85
482 183
342 683
186 434
258 196
610 42
391 305
377 181
988 403
143 844
771 175
999 45
840 394
378 585
553 473
399 843
353 797
814 898
706 795
102 176
659 959
804 188
453 298
297 822
686 184
210 17
263 25
94 574
586 884
257 64
298 636
81 772
55 724
263 174
874 75
983 895
289 855
453 588
702 733
928 569
941 295
584 252
656 665
366 214
589 752
579 291
742 861
48 425
943 942
695 329
932 909
437 105
609 520
885 875
617 5
66 261
285 37
664 483
150 817
742 959
270 314
419 816
133 2
763 434
290 575
644 402
958 118
1000 456
319 696
217 34
513 815
557 812
685 440
13 974
532 999
165 147
593 728
47 147
710 433
765 954
126 696
715 77
589 928
644 71
903 826
208 521
544 83
395 739
897 483
610 236
458 65
991 313
362 175
878 997
292 456
166 481
406 80
192 172
639 216
931 659
314 755
226 501
461 576
886 291
580 650
562 429
600 200
370 658
185 646
183 919
509 349
79 38
529 845
549 258
555 973
663 286
686 101
41 644
750 907
117 113
216 510
354 1000
745 265
449 964
546 490
68 122
620 703
471 111
310 171
591 334
918 938
336 306
941 267
447 454
485 159
396 896
58 163
916 725
747 725
198 987
971 601
276 845
24 158
333 428
561 905
600 977
584 502
170 219
317 320
90 18
53 142
902 811
733 788
68 589
808 744
459 120
191 385
678 925
811 380
759 66
317 491
449 35
947 844
793 825
184 288
20 655
888 820
78 956
875 478
217 216
75 150
5 751
173 637
563 141
178 149
794 498
587 51
454 110
226 859
338 463
193 496
47 405
16 343
454 505
2 278
773 952
226 376
69 222
235 234
127 40
541 588
718 709
806 98
166 668
206 409
525 91
174 123
417 646
895 471
311 38
774 698
377 611
139 369
529 809
220 124
934 32
116 61
429 488
76 867
112 684
295 451
614 231
840 160
785 737
456 186
456 169
177 266
385 243
408 12
10 192
620 675
501 261
626 544
37 965
99 928
315 604
707 206
337 233
41 477
755 218
169 707
294 825
632 399
483 319
443 593
364 618
950 737
403 94
140 588
138 977
859 876
933 530
204 82
522 955
290 33
933 995
971 304
4 969
730 52
355 87
246 475
298 317
62 338
550 199
532 598
701 361
297 99
170 755
133 397
616 351
445 427
69 527
472 503
18 831
112 46
610 805
682 342
283 450
499 990
425 967
245 206
924 319
106 516
472 358
2 331
432 786
574 299
664 184
118 999
905 501
782 820
235 57
676 765
254 374
365 839
232 848
504 21
744 624
921 242
104 837
706 820
391 242
875 919
625 684
883 384
480 509
209 64
779 333
743 429
567 234
755 890
101 340
50 530
730 866
805 642
275 651
918 995
270 658
72 437
664 857
999 802
403 807
559 868
780 599
983 184
552 526
94 833
186 276
613 171
421 734
967 622
713 541
440 407
739 541
711 762
546 103
751 930
879 217
973 164
497 107
333 709
319 822
976 487
890 629
522 814
815 423
230 845
122 842
998 987
237 395
468 929
911 865
53 521
313 692
905 408
563 340
529 292
307 931
52 727
291 569
917 853
844 667
592 452
982 521
14 975
900 276
559 113
818 909
191 925
967 986
72 567
403 782
879 788
588 743
257 923
442 393
892 329
581 378
306 328
666 408
6 649
471 502
452 945
895 495
309 968
129 370
206 320
465 314
317 697
676 96
275 969
742 481
908 339
346 510
272 501
859 271
613 412
283 791
231 757
892 123
332 908
685 912
634 968
859 933
287 692
661 103
848 914
405 921
281 619
673 44
871 570
931 481
196 371
593 130
25 622
890 836
191 57
284 717
903 426
471 535
845 445
494 341
426 29
566 505
172 699
94 494
310 699
705 667
902 991
925 406
785 110
680 143
971 248
95 960
195 618
528 779
375 368
88 90
200 896
463 989
869 634
448 394
606 726
515 676
488 955
75 384
621 447
819 218
861 939
493 551
758 477
652 458
526 471
836 654
709 297
876 270
625 522
76 922
362 23
897 800
832 795
866 569
399 635
803 138
823 215
920 494
850 147
387 915
779 405
428 61
509 38
516 892
684 270
133 528
37 723
372 354
871 888
787 770
229 765
860 207
807 464
366 768
974 67
722 232
815 965
863 841
864 889
516 914
132 510
934 136
544 982
611 493
94 680
375 129
251 927
432 723
398 456
973 364
505 861
655 224
714 965
566 453
604 520
933 974
792 386
42 33
99 464
852 754
651 633
138 540
549 574
522 742
514 822
588 107
809 850
260 158
429 513
984 200
658 121
292 271
610 798
683 982
463 806
523 865
545 937
770 974
438 608
94 6
28 277
406 386
870 679
526 435
106 944
16 328
164 208
923 133
447 835
925 815
861 849
457 59
371 477
874 460
2 57
760 299
408 448
483 900
909 844
180 876
785 454
607 627
794 444
500 925
391 30
460 712
153 61
928 981
249 516
837 395
931 202
825 595
842 531
699 25
516 848
276 413
387 796
372 326
10 193
394 344
674 312
983 806
659 724
475 119
937 851
116 835
246 822
462 371
176 168
251 748
531 526
125 139
237 977
38 514
95 567
634 883
507 311
328 704
403 793
794 995
185 57
786 543
623 14
99 750
428 756
512 207
470 411
916 289
42 114
830 491
82 883
329 742
882 970
941 835
194 456
378 157
549 722
198 384
455 499
687 836
464 590
644 752
873 678
550 196
810 145
553 870
229 811
246 15
438 733
723 513
830 807
923 67
848 907
583 21
467 66
325 805
326 6
40 171
295 973
502 327
987 805
511 159
757 211
213 711
874 401
363 716
417 816
718 550
934 547
319 787
339 215
436 48
254 454
901 840
19 937
387 717
893 757
675 318
487 455
73 400
823 711
438 136
186 539
563 778
46 317
598 894
468 612
813 376
861 456
357 185
893 983
590 937
741 259
309 520
172 2
963 281
121 734
540 724
272 680
711 455
538 703
958 540
724 678
11 277
177 749
497 776
617 47
937 656
973 210
388 856
484 993
878 865
716 308
4 648
940 428
464 381
906 364
13 710
547 530
877 775
165 411
539 642
156 242
618 933
839 335
470 278
113 43
442 995
414 657
852 554
415 980
91 548
381 826
511 895
187 925
248 784
566 687
218 585
751 609
916 906
131 178
227 285
744 753
585 691
821 531
770 519
153 575
585 540
415 667
257 617
539 127
248 490
362 286
913 934
145 316
850 507
795 390
374 745
502 466
268 62
40 421
828 743
995 591
315 284
88 771
883 494
833 161
684 517
870 216
727 673
556 359
182 254
276 375
629 143
386 499
304 72
380 675
11 83
709 136
180 634
141 716
435 979
955 280
224 957
522 429
656 667
512 344
513 38
881 940
94 915
590 52
20 193
504 563
164 13
674 66
893 334
695 504
627 478
388 828
688 362
263 620
369 67
902 845
47 974
498 362
216 458
68 619
879 152
19 105
293 330
756 920
562 773
962 107
726 240
873 604
235 567
610 537
5 471
796 486
464 647
104 430
950 891
455 443
882 869
459 956
903 935
887 468
190 828
947 995
142 131
238 552
278 323
151 179
243 914
715 41
399 256
930 862
201 854
610 234
355 477
998 887
567 760
969 345
326 78
740 968
945 416
357 107
835 980
734 234
183 864
547 951
480 233
245 423
871 439
598 597
606 928
310 365
420 485
280 688
888 325
404 752
961 527
447 524
447 52
205 714
582 200
513 503
415 179
64 884
992 82
404 192
704 326
484 406
945 733
33 554
309 51
897 961
43 401
45 195
928 825
971 893
41 219
874 512
213 527
615 374
820 964
479 947
378 188
68 794
272 783
101 430
276 847
869 72
872 420
873 141
731 123
234 689
53 27
453 977
185 403
848 445
960 775
934 978
506 721
199 342
796 292
471 514
75 477
555 87
902 952
446 324
17 356
420 615
222 303
901 240
117 539
812 973
673 369
142 236
751 552
311 719
403 512
351 222
668 12
317 90
986 415
469 271
92 990
273 28
4 132
889 332
853 489
130 302
705 162
227 674
572 310
350 316
109 503
528 308
636 717
415 480
678 430
257 962
478 384
207 66
176 670
767 26
533 574
182 388
714 110
274 819
993 73
392 966
232 645
495 820
520 566
723 17
28 885
508 417
382 478
70 295
441 488
687 996
561 495
546 413
569 996
32 358
877 132
595 184
577 837
337 216
157 365
103 497
59 210
96 257
635 724
582 609
703 823
402 40
742 795
923 927
347 289
405 577
608 394
403 96
561 516
446 6
178 736
565 980
240 616
859 315
274 143
815 540
807 904
111 686
792 415
282 565
963 662
803 801
881 1
924 27
448 324
191 564
194 376
532 592
860 933
57 902
835 737
661 933
64 131
305 687
396 194
311 497
684 877
351 976
62 541
321 645
507 702
40 59
463 91
139 433
50 204
359 90
183 936
439 450
135 965
173 146
465 422
681 327
851 115
893 756
857 210
867 841
538 107
576 298
428 119
727 525
379 739
529 932
128 859
951 69
607 743
614 129
600 591
675 31
492 977
698 228
475 37
168 731
664 964
10 226
543 28
820 695
732 89
313 478
907 5
635 752
101 52
983 186
20 46
169 684
149 398
669 327
485 573
807 739
821 444
532 65
59 625
703 952
195 337
413 442
161 449
461 77
609 963
529 750
627 739
609 828
942 834
679 225
369 128
21 791
904 149
192 647
778 690
321 37
363 430
492 202
85 716
811 416
373 889
28 164
194 348
503 458
27 100
878 605
681 231
274 695
847 534
363 93
736 657
115 716
496 378
672 349
348 446
225 13
170 902
581 376
321 530
219 555
6 655
796 613
693 975
490 10
515 151
240 605
279 526
400 240
249 907
555 883
850 173
867 793
686 191
64 730
945 71
781 13
373 82
129 18
416 560
281 335
316 346
31 415
114 321
510 442
202 971
721 809
137 648
599 840
836 14
594 703
932 569
186 327
280 128
940 371
176 448
108 907
345 463
256 296
498 215
579 66
168 928
928 474
364 684
346 931
481 904
216 459
158 466
790 931
575 103
652 896
377 568
69 786
584 522
130 950
94 383
226 815
152 950
455 518
816 785
680 600
98 213
924 67
799 849
122 223
182 491
433 600
308 680
938 803
283 506
433 425
877 302
249 604
644 977
113 385
210 541
382 180
644 548
515 836
199 727
867 377
62 725
349 720
257 997
61 387
154 103
748 451
884 771
25 498
723 135
267 645
173 218
729 538
576 483
940 892
724 795
504 446
488 579
400 968
788 568
127 740
885 264
85 900
844 787
766 5
694 294
608 680
465 454
360 300
430 644
548 303
769 14
192 785
392 615
214 458
585 294
417 148
218 183
110 267
773 222
229 135
786 730
819 734
534 616
779 884
650 125
368 316
617 230
29 912
533 288
65 932
356 237
394 398
789 519
151 530
722 554
299 263
639 839
488 332
967 844
548 882
706 866
427 475
191 386
503 364
201 343
833 217
562 953
501 379
598 91
891 975
693 769
394 883
235 675
641 289
255 684
455 414
596 616
134 881
361 857
996 662
93 434
717 728
374 389
446 566
784 673
718 814
937 69
499 628
886 96
27 989
691 114
178 99
253 701
839 858
967 289
726 217
992 563
420 36
22 208
378 682
473 662
934 660
617 612
615 977
728 779
344 420
253 880
510 129
48 184
168 450
888 465
362 920
2 857
496 846
903 253
693 729
965 324
414 474
642 873
755 784
257 397
370 270
334 141
513 252
676 664
437 140
53 495
531 528
347 179
242 935
973 718
409 532
565 817
911 293
494 49
702 506
573 978
106 456
797 478
507 422
143 252
327 371
453 948
682 910
846 949
501 652
77 729
781 731
273 844
554 471
5 413
7 707
891 122
319 765
730 180
40 992
938 985
310 139
467 483
711 188
235 772
53 562
570 652
464 991
801 432
772 215
313 782
758 488
886 221
27 8
651 77
620 393
329 288
222 2
60 176
278 251
61 233
961 827
908 870
856 15
478 168
947 248
714 213
429 150
857 747
913 841
952 657
790 241
439 477
426 940
509 809
783 772
571 258
374 941
215 491
732 823
963 509
926 755
508 454
126 109
914 855
702 858
775 922
153 447
580 370
852 199
380 776
387 890
872 688
245 978
484 318
871 898
361 205
949 980
181 378
384 20
149 284
154 642
964 247
315 637
194 870
218 96
863 575
323 128
264 840
746 474
747 815
937 551
858 35
380 291
860 757
476 930
683 84
647 561
184 676
472 777
569 157
442 993
369 135
540 874
528 802
378 191
730 136
227 889
922 550
468 940
346 512
942 652
395 763
692 883
490 695
75 851
980 653
585 514
782 868
462 606
640 845
917 963
556 868
577 422
596 134
942 366
728 54
395 985
164 125
700 420
850 505
305 948
396 453
254 401
236 644
295 721
97 74
650 800
672 572
92 309
876 436
278 848
961 722
486 215
876 459
220 39
752 569
591 80
645 936
996 640
686 188
283 601
448 698
656 511
324 5
343 299
261 302
609 433
407 396
595 130
447 345
456 228
534 355
180 93
629 943
707 877
586 594
401 770
533 41
71 716
535 853
205 104
961 333
778 128
138 35
525 949
730 697
129 940
648 748
920 81
212 811
85 547
730 808
397 935
18 412
897 423
937 754
583 629
252 427
57 179
294 128
901 504
546 740
560 310
561 579
748 715
971 364
972 3
241 15
483 86
356 296
433 893
341 92
14 178
17 382
274 103
446 313
251 323
490 905
172 489
246 474
505 204
245 685
431 60
883 995
331 376
830 786
613 610
178 237
649 67
623 697
518 959
193 488
247 597
965 666
736 702
255 126
274 555
50 2
631 152
311 169
554 103
596 9
818 63
802 664
175 398
890 274
884 780
633 4
407 747
780 71
528 139
862 735
25 98
542 729
202 637
729 650
422 843
491 728
665 35
258 667
206 125
7 116
784 447
950 76
293 839
129 238
993 881
48 506
86 646
91 60
972 611
656 266
580 104
357 465
267 937
238 428
60 916
756 681
382 532
105 281
995 920
860 415
38 967
114 89
848 887
838 798
214 4
312 12
673 21
657 616
395 734
132 174
260 123
189 331
743 996
872 211
781 519
912 698
234 992
327 61
303 180
571 972
754 378
353 435
388 342
697 746
332 965
165 4
757 986
342 612
53 767
575 559
809 113
863 194
959 312
248 437
563 62
93 339
417 174
799 697
176 513
140 164
71 636
329 101
957 379
151 292
429 194
693 917
72 961
36 100
555 924
535 130
552 474
275 917
921 139
500 920
361 438
803 171
811 724
704 420
263 93
354 764
489 26
127 616
203 535
794 349
98 894
954 837
854 965
175 998
902 303
91 491
864 169
355 526
172 168
328 886
720 424
43 157
907 308
696 719
214 326
72 379
156 391
683 333
417 50
760 712
119 351
930 254
324 529
164 974
842 978
114 125
422 386
228 501
394 419
694 766
218 175
592 912
755 508
612 83
62 116
891 140
342 196
255 621
688 339
250 173
538 257
825 490
165 198
916 514
900 143
578 97
329 126
170 767
445 423
486 541
251 504
172 921
718 920
700 675
381 306
28 352
488 692
677 93
827 544
151 106
32 978
452 699
566 915
588 767
188 237
469 756
865 183
847 451
45 837
762 297
637 939
84 797
837 185
931 828
549 373
864 265
391 345
832 983
634 367
799 364
999 405
766 352
270 965
676 72
359 851
612 846
885 909
153 13
798 447
197 828
492 956
239 337
794 270
409 804
564 920
695 66
861 374
348 303
404 105
832 612
447 437
106 265
56 542
717 279
521 756
427 969
870 383
436 213
569 736
533 389
393 986
177 627
569 337
54 283
275 474
835 290
557 400
410 971
485 437
954 652
547 827
483 172
358 796
282 740
523 494
29 322
303 270
269 426
588 200
381 838
459 4
811 299
995 214
69 717
570 574
369 148
919 449
616 272
375 281
809 531
539 338
936 294
886 62
796 210
128 888
250 212
566 972
951 630
74 6
19 635
503 667
487 54
944 912
724 35
139 479
508 662
952 686
917 676
939 340
614 502
926 562
358 176
420 339
979 964
332 367
672 841
144 277
555 885
21 177
370 629
595 20
543 220
709 228
91 309
474 695
438 26
756 1
689 457
638 948
586 595
2 544
524 413
376 555
986 300
56 937
716 708
460 10
43 114
124 127
397 567
950 685
661 438
593 416
190 118
621 338
937 403
440 149
497 484
795 541
338 928
670 335
17 381
850 962
181 642
22 654
60 565
756 778
553 748
679 276
648 184
498 665
815 308
545 784
602 291
431 63
624 823
36 653
874 675
27 34
112 106
611 128
652 454
728 100
321 722
505 45
453 719
883 768
3 122
11 551
304 555
692 630
269 995
757 136
405 291
886 292
580 759
173 327
344 907
932 52
40 388
589 720
202 696
511 438
780 215
667 114
879 635
295 474
244 386
963 436
993 298
237 711
36 438
612 917
370 488
106 318
548 297
364 283
450 160
96 376
81 244
195 124
432 794
253 430
347 169
516 926
59 733
543 316
376 583
251 693
986 256
329 159
695 424
699 941
539 944
314 389
12 692
33 107
587 908
604 998
688 265
920 844
194 113
132 175
526 891
32 11
143 297
909 98
795 918
653 588
673 374
435 103
810 185
631 3
9 670
341 337
288 323
625 238
719 671
972 876
5 746
390 872
652 539
959 617
176 752
819 427
396 168
291 834
10 806
193 612
411 429
684 899
398 725
202 506
336 824
188 185
865 27
314 771
757 29
775 658
235 271
309 524
550 634
699 412
3 389
444 625
926 661
728 700
784 254
418 916
612 826
998 59
802 782
896 375
366 945
975 281
262 156
402 531
2 633
152 22
941 362
727 313
601 927
797 299
581 660
233 341
163 519
275 449
683 332
27 427
815 827
100 163
716 268
594 877
78 545
688 309
337 665
359 860
786 990
694 767
532 142
989 945
151 560
522 932
873 904
657 587
345 39
514 113
740 504
298 151
924 231
911 923
806 199
130 636
70 706
829 722
459 889
922 627
482 58
675 793
403 257
218 736
689 693
905 496
320 48
715 409
74 483
439 313
421 286
830 954
223 2
447 786
265 994
690 788
549 18
752 98
734 22
735 891
848 661
334 640
580 696
616 753
945 493
601 323
932 253
643 98
311 144
996 904
260 690
10 685
487 499
948 839
847 115
98 590
395 234
309 608
127 809
845 622
112 638
496 797
816 380
818 294
361 401
215 346
791 505
172 111
102 1000
70 724
324 434
145 801
813 242
674 344
395 345
159 256
567 391
381 144
189 861
579 333
409 581
301 559
551 915
815 86
40 913
356 65
581 648
432 945
94 725
275 477
962 353
156 296
160 811
242 792
114 414
955 700
632 543
134 499
906 360
929 985
345 146
310 720
114 497
521 183
205 503
669 23
1000 466
284 59
437 977
500 736
726 91
583 838
643 629
735 155
592 155
331 193
832 426
190 772
265 723
285 560
402 364
460 570
910 172
536 737
403 938
876 1
550 454
532 853
330 109
606 227
691 172
406 478
662 895
499 735
458 518
118 887
84 963
31 836
568 528
628 640
25 283
614 503
905 863
123 796
960 401
168 269
461 696
278 854
444 586
525 495
12 134
515 297
292 918
918 166
41 658
494 822
376 223
196 458
659 818
37 678
461 922
392 767
130 276
998 195
450 429
380 814
287 802
149 205
889 528
529 679
767 531
309 407
883 46
343 146
453 872
536 500
755 232
938 456
276 183
224 608
704 826
461 478
856 960
483 259
859 247
143 54
223 356
575 19
29 171
752 512
240 500
76 74
542 379
618 901
748 596
142 101
787 112
717 975
204 230
21 808
759 116
56 341
667 375
886 889
908 635
1000 748
468 962
394 813
164 475
44 881
777 356
472 436
715 464
553 397
970 238
630 28
448 835
528 716
636 677
305 837
72 600
749 642
456 759
917 598
918 497
992 875
947 427
706 599
391 275
469 683
737 971
19 884
496 583
597 687
598 728
73 451
809 471
684 741
261 692
758 914
392 957
500 902
46 270
193 810
180 772
966 687
612 775
484 402
233 150
551 740
628 41
760 97
637 293
175 972
368 778
607 841
3 727
354 853
155 876
300 403
975 36
893 12
31 269
254 990
366 244
681 856
243 363
657 258
689 891
948 885
328 683
71 241
419 756
497 212
439 745
465 942
6 468
734 618
618 692
46 821
730 778
267 568
17 941
401 526
147 222
864 604
848 433
556 898
26 917
90 28
881 319
864 715
21 618
649 433
358 805
237 44
899 569
462 839
409 969
87 622
471 911
255 681
208 604
734 281
992 744
631 378
583 44
424 19
713 222
325 221
472 319
623 844
849 979
718 916
26 154
67 810
268 115
53 927
383 440
666 426
188 186
447 991
448 855
323 581
128 597
457 143
130 255
323 125
888 357
360 788
983 622
876 510
123 420
299 771
442 172
431 103
559 763
662 240
421 782
357 128
340 946
474 364
805 744
441 349
81 838
499 211
510 351
659 893
548 334
695 233
183 437
224 714
872 742
902 334
252 152
493 354
204 283
208 614
793 274
19 388
906 19
210 388
907 310
584 393
306 947
405 589
669 272
542 6
109 291
54 428
994 939
351 378
941 924
527 359
837 859
470 412
312 42
95 865
354 445
707 355
156 235
820 130
126 905
821 247
181 840
611 287
242 358
887 122
122 816
348 488
535 542
22 695
631 113
86 334
696 238
71 30
113 364
593 538
356 704
378 120
855 766
308 611
202 170
627 839
796 200
943 11
821 683
883 842
701 69
259 78
211 201
874 523
305 828
963 487
179 871
74 115
663 9
574 444
23 174
486 972
54 512
679 867
957 669
482 639
124 860
505 710
415 81
101 86
166 781
742 364
451 389
343 659
1 342
560 995
816 381
45 101
659 793
676 985
491 533
132 569
222 647
141 675
438 431
591 159
831 396
512 356
897 190
917 179
976 913
527 621
561 233
371 399
105 181
289 942
346 169
336 399
7 860
212 786
285 90
12 694
454 691
381 497
826 366
555 356
741 113
941 623
266 313
212 158
214 211
316 679
189 431
284 389
656 880
694 728
199 282
695 689
113 93
510 937
313 371
449 115
548 949
240 344
293 290
225 848
4 939
129 947
338 845
691 755
777 510
491 262
471 804
351 693
114 547
996 111
555 165
278 299
359 404
435 380
424 235
758 122
176 636
395 986
452 665
128 767
399 823
28 612
412 130
479 160
862 343
25 282
249 884
225 711
801 925
641 672
913 699
127 895
790 3
684 514
405 495
353 790
11 872
581 23
234 130
966 723
755 860
242 697
963 363
487 581
736 63
954 106
702 708
150 639
409 695
507 668
129 816
77 90
189 864
704 652
251 683
432 975
475 803
585 129
682 214
636 318
29 904
584 646
755 152
904 456
367 570
66 399
728 749
453 905
493 76
299 287
393 214
582 990
930 407
380 322
133 156
744 933
912 849
344 307
90 347
643 707
311 881
937 290
518 257
333 965
523 669
178 902
658 508
478 109
830 134
339 745
305 521
412 363
783 276
53 631
8 419
377 399
635 148
352 780
329 364
990 91
645 420
886 24
779 894
818 984
191 814
586 332
680 777
273 341
662 681
40 104
504 885
601 265
89 733
24 318
406 218
853 675
475 421
131 849
540 467
390 718
391 163
434 642
770 40
724 807
512 927
510 248
607 682
776 888
10 324
618 241
233 149
505 984
828 692
745 242
548 299
436 717
935 661
7 134
266 12
86 645
380 930
440 375
951 857
872 282
928 540
103 686
87 37
612 324
760 687
869 115
816 833
203 401
135 427
354 551
669 188
392 216
929 23
108 634
53 151
660 929
111 385
209 505
29 142
674 837
948 100
210 325
242 323
887 145
209 522
503 360
17 351
421 181
556 560
406 715
647 907
873 716
148 86
360 537
715 145
913 996
966 916
334 793
117 663
710 404
394 974
607 20
511 899
166 346
469 222
192 993
658 130
700 265
235 263
867 264
563 3
766 542
145 366
607 71
739 322
151 432
84 917
253 554
640 582
421 602
387 326
283 617
914 589
990 480
300 812
9 984
970 884
699 414
594 840
131 730
23 984
853 921
186 182
245 109
941 70
427 6
146 872
879 270
78 107
278 633
941 471
559 984
964 8
620 666
551 536
612 538
742 141
755 50
439 607
722 345
7 891
319 37
357 498
485 269
20 134
737 781
336 51
356 62
87 190
424 918
557 570
668 547
825 130
522 929
27 448
545 3
530 473
857 442
240 317
955 880
428 784
632 436
486 577
311 697
830 207
948 158
531 174
436 426
221 684
256 848
222 415
136 422
212 401
271 46
285 731
540 87
83 676
409 160
619 950
411 365
657 149
930 899
66 605
395 945
353 47
836 716
490 384
182 458
226 175
151 325
775 595
383 300
542 645
644 640
749 875
54 803
119 843
814 985
927 90
216 502
956 442
850 85
662 942
262 239
11 45
822 471
537 37
684 460
524 357
466 989
766 208
237 542
863 894
186 428
295 194
632 212
544 822
674 457
603 341
677 998
16 675
695 381
863 911
111 106
60 1000
721 994
668 751
726 413
67 240
252 44
242 86
836 324
858 188
661 415
760 598
726 383
51 437
531 895
92 488
591 835
579 139
545 47
449 114
445 174
198 599
750 224
753 140
19 192
203 175
646 495
687 753
861 702
772 401
582 546
776 84
342 608
504 525
913 237
809 940
260 860
342 67
620 346
261 763
611 105
965 184
303 847
179 213
491 39
93 359
865 502
633 786
260 626
654 636
888 704
126 320
163 470
131 884
338 176
429 7
415 52
310 266
420 350
135 181
159 187
287 14
755 24
719 11
614 215
798 414
374 828
382 304
662 185
702 890
314 27
261 624
617 834
764 535
432 226
395 502
324 400
751 267
779 288
703 660
153 264
525 731
301 896
417 131
366 222
930 67
955 508
890 847
617 13
891 506
67 236
593 20
479 271
694 215
772 704
540 676
686 862
513 740
904 295
610 776
378 364
489 401
507 832
734 513
381 871
873 397
422 171
463 565
819 201
680 605
492 43
610 898
222 452
647 823
562 609
688 684
118 19
198 349
936 374
863 69
730 394
499 508
995 997
257 734
437 888
222 230
474 316
874 561
700 195
675 928
322 648
235 105
108 249
400 194
473 524
919 53
633 814
597 843
822 928
418 570
808 110
404 130
222 768
740 837
796 983
185 654
7 317
83 43
657 264
396 372
187 89
387 523
871 147
598 841
642 239
571 191
440 939
59 899
558 427
39 881
232 589
671 306
513 378
914 923
45 679
377 230
927 163
39 233
608 23
475 96
941 259
488 245
626 903
275 313
335 645
855 434
967 660
441 914
688 189
897 390
270 367
290 377
584 470
458 759
898 888
294 337
955 649
425 390
868 958
315 790
742 595
213 367
381 553
865 912
919 48
721 357
375 444
199 114
848 864
151 783
78 789
653 585
244 870
398 156
9 643
193 174
527 193
914 134
862 208
536 684
22 907
832 259
409 502
834 337
946 311
784 678
696 306
550 445
437 860
97 827
574 311
278 208
649 988
247 565
857 865
205 821
385 649
460 802
979 306
546 979
245 118
825 61
895 78
917 616
666 424
560 667
98 310
897 660
993 67
206 272
285 390
417 527
552 478
400 859
555 801
521 913
650 631
689 219
840 345
287 966
628 408
663 683
991 878
305 291
755 791
139 45
132 788
361 212
73 680
572 598
522 367
742 130
986 368
533 109
934 376
498 54
741 458
906 17
263 396
343 162
574 554
828 814
757 465
216 618
454 740
589 23
528 836
803 56
850 581
747 983
108 607
76 61
569 142
886 618
99 356
982 57
19 167
611 257
540 771
762 671
874 949
835 457
584 583
554 99
147 843
613 708
543 809
117 594
198 30
330 914
277 873
829 428
478 42
299 917
230 955
857 931
644 7
919 159
101 934
118 76
744 555
49 587
657 148
969 650
397 145
292 441
407 984
818 993
835 773
487 14
103 592
873 747
362 180
222 984
695 125
210 768
546 870
103 79
533 604
664 741
476 67
338 92
31 131
914 705
419 229
667 923
997 688
727 523
513 305
570 322
576 351
201 533
304 50
215 196
91 346
201 398
662 269
461 68
888 208
237 541
668 889
885 749
372 583
48 960
986 455
273 624
204 392
774 4
891 608
484 1000
358 897
588 486
698 290
702 362
609 292
38 510
569 55
664 285
522 839
62 20
190 41
485 659
569 160
381 834
374 181
543 892
820 23
235 721
198 487
127 455
130 607
813 826
260 206
243 782
378 43
160 490
144 943
587 405
456 913
806 113
865 555
101 901
631 964
819 198
970 358
758 457
56 575
378 781
786 276
143 945
165 937
519 782
900 284
79 823
444 240
925 895
987 774
73 202
628 540
371 493
425 709
672 706
265 876
417 725
478 578
376 4
875 986
417 582
70 376
954 423
997 579
463 347
391 206
908 500
642 8
236 935
989 255
615 101
671 919
874 33
323 829
487 758
624 28
93 859
702 891
849 485
578 829
284 944
107 547
474 290
94 864
111 939
662 658
599 838
413 197
383 775
405 929
335 986
683 661
326 169
267 896
859 42
343 245
509 749
111 137
974 265
821 590
648 608
688 353
431 647
142 846
420 660
898 772
208 966
609 604
640 86
161 336
754 113
38 190
845 262
294 20
226 694
407 495
890 401
228 280
963 711
179 485
536 546
667 328
454 269
628 803
312 689
407 34
702 259
196 951
433 419
658 156
628 850
38 378
740 608
687 91
868 38
471 746
605 446
108 250
770 917
195 306
884 619
313 954
942 399
250 359
752 693
550 368
288 746
900 647
188 145
581 326
193 525
287 207
951 372
475 423
580 514
743 246
249 790
930 348
676 61
644 531
421 514
408 283
483 993
582 195
804 217
989 195
627 314
873 314
563 530
430 543
659 851
24 613
646 703
495 255
668 899
296 778
922 447
927 162
756 400
884 205
977 421
343 40
881 577
458 786
208 245
794 612
815 946
588 154
927 960
677 957
897 277
778 48
137 392
579 130
17 930
436 924
309 138
385 682
668 583
669 186
618 706
765 273
420 648
772 677
962 215
708 983
890 414
360 893
224 124
475 604
359 538
273 969
335 856
456 858
130 519
942 606
250 54
692 129
472 484
143 715
222 48
593 588
541 420
395 518
987 928
661 534
550 434
516 230
97 826
577 496
966 194
752 122
753 663
771 48
847 325
67 522
979 309
710 199
890 257
417 414
511 368
576 39
850 442
671 696
196 728
549 348
271 337
185 681
383 266
634 340
554 763
214 812
474 585
935 964
205 743
996 758
922 241
733 177
438 87
577 941
637 341
419 294
572 736
702 819
558 311
157 358
485 41
345 766
987 187
833 849
150 549
745 125
287 628
128 3
77 96
849 207
171 487
500 601
671 274
711 737
930 136
489 712
378 76
955 551
545 295
998 635
662 263
128 289
424 455
498 793
392 246
513 690
18 368
761 770
65 779
213 499
674 871
803 857
812 537
541 245
268 639
363 443
787 173
556 534
868 256
230 809
636 804
203 334
910 37
221 682
94 200
356 707
457 257
496 454
408 872
265 917
875 322
748 204
35 523
109 902
934 889
849 931
67 890
145 328
809 225
810 586
593 842
67 779
692 554
714 46
607 441
886 352
379 922
152 416
692 729
128 564
220 170
628 735
786 327
131 683
387 565
210 912
775 625
358 24
491 633
737 97
519 745
331 976
577 536
392 888
751 210
504 508
837 454
586 838
766 993
861 448
239 348
495 198
650 763
997 768
967 672
909 586
380 774
362 777
788 365
279 822
141 817
607 898
594 479
208 302
650 477
997 994
547 943
501 840
816 956
817 469
356 988
397 957
46 921
828 819
958 870
650 63
384 808
702 363
264 989
963 861
160 158
165 387
157 783
356 306
912 752
773 85
596 712
958 467
890 493
84 420
602 473
843 913
240 170
592 159
687 864
735 703
319 620
753 578
637 962
47 118
784 592
268 321
878 612
294 693
493 133
362 503
37 157
774 974
481 3
410 1
25 301
670 931
453 925
439 398
477 119
776 402
279 289
11 655
291 239
678 489
331 670
340 672
163 425
899 381
97 445
605 402
894 218
624 426
145 999
398 424
893 770
145 644
548 163
656 222
169 930
326 689
970 454
499 31
746 100
570 470
555 534
998 342
968 133
881 932
297 577
19 314
116 899
617 98
393 872
512 498
289 79
628 121
9 344
104 986
877 705
180 279
551 768
169 514
817 578
964 503
17 598
345 321
74 897
899 688
114 446
8 367
872 110
321 248
375 37
485 549
193 710
473 37
521 215
616 83
100 844
142 105
396 296
878 439
113 207
169 845
5 479
725 448
599 491
405 965
291 766
109 155
381 982
331 225
575 322
118 235
286 935
268 662
255 262
28 310
535 289
809 734
773 764
997 684
430 497
640 815
680 780
302 600
283 273
321 582
325 118
127 62
218 966
809 313
444 260
727 895
841 232
325 7
981 256
248 236
28 920
123 828
92 421
847 55
286 285
17 499
928 999
370 402
970 427
528 140
694 313
828 695
777 675
975 256
521 678
663 615
650 258
889 560
177 732
868 858
206 865
161 160
897 276
534 611
258 806
423 32
137 399
449 365
90 105
626 367
368 635
243 397
280 385
136 420
821 110
716 372
351 403
152 763
320 621
526 973
394 536
587 737
130 994
555 79
460 265
263 878
216 349
380 464
207 609
446 618
892 379
307 55
831 449
574 219
886 857
800 116
387 989
968 156
382 552
532 555
148 992
75 128
278 359
504 950
32 861
566 798
550 435
540 253
409 635
758 161
459 749
500 337
343 933
326 829
992 953
5 792
889 39
322 908
841 132
234 480
935 886
274 811
974 1000
940 712
499 473
400 861
475 307
426 725
825 66
524 30
563 704
83 364
738 614
296 557
975 375
228 552
745 322
528 232
358 351
570 287
589 465
992 485
594 105
30 141
267 237
538 600
971 785
203 747
440 679
142 439
189 820
318 648
746 207
216 846
716 555
111 83
902 80
513 919
91 143
772 612
833 626
599 940
802 463
971 460
679 659
428 749
621 644
233 579
659 155
132 249
613 992
407 417
464 281
856 555
674 868
605 944
90 367
364 437
40 600
863 360
294 93
939 264
602 963
155 313
58 106
549 729
240 143
232 966
920 587
647 1000
856 128
969 942
363 331
424 469
353 465
208 572
27 144
364 183
203 371
369 591
101 932
155 244
252 796
143 886
75 829
22 772
227 710
525 147
908 797
175 366
930 298
507 694
92 728
623 876
862 492
828 68
574 416
779 520
728 976
891 556
984 378
527 618
423 412
260 703
877 822
948 844
880 906
496 899
23 904
853 969
909 871
548 57
490 161
257 192
297 711
872 921
85 980
551 731
988 87
111 800
612 987
974 230
577 904
286 228
660 433
333 644
746 144
659 763
238 268
609 648
646 791
314 356
388 547
34 103
626 973
973 120
441 95
227 164
869 39
428 435
216 729
953 244
494 212
332 215
260 372
704 834
48 742
531 787
553 847
23 936
402 933
151 738
315 848
778 344
449 454
32 362
160 159
554 640
640 361
569 53
184 21
612 125
800 881
688 421
552 439
636 107
86 140
568 251
52 20
233 272
576 646
449 224
41 430
994 284
408 935
248 678
49 907
800 77
194 340
433 564
158 826
739 80
784 593
108 1
457 271
826 896
277 764
792 784
850 161
681 120
44 680
562 301
670 928
503 657
194 188
404 222
304 404
49 134
527 590
553 199
239 556
645 767
686 236
126 214
921 212
10 477
562 158
197 137
328 248
866 616
7 504
465 321
138 377
620 575
417 422
115 129
189 922
872 516
399 421
346 375
148 161
958 598
537 124
548 386
16 627
97 174
563 259
115 479
266 487
124 407
677 903
113 642
313 64
958 944
445 579
483 272
674 91
363 838
164 957
132 403
685 569
445 948
558 284
328 986
730 599
380 239
109 487
458 545
521 325
207 878
449 418
359 867
15 119
881 487
19 112
71 413
429 595
575 111
691 674
341 657
293 883
919 626
721 399
687 662
891 59
144 638
130 545
943 489
156 973
438 739
865 565
627 914
260 508
995 982
227 288
691 497
857 921
623 710
539 165
201 855
274 948
831 524
799 524
710 217
517 367
128 735
349 111
956 57
993 585
174 106
322 937
438 815
535 119
45 903
546 684
782 532
162 677
382 88
384 407
221 198
24 702
900 935
870 253
326 515
900 822
336 527
922 266
413 901
968 793
441 324
613 422
64 941
312 471
924 678
29 838
357 73
160 539
162 105
950 502
557 304
579 264
704 740
767 643
769 288
807 296
593 228
185 52
217 898
513 827
235 42
474 201
94 662
475 688
919 835
521 272
744 231
321 298
29 25
587 531
159 650
330 520
755 489
521 353
198 515
803 681
238 768
997 509
574 73
407 354
185 386
194 365
770 674
511 830
863 21
924 447
250 52
235 808
161 973
18 974
921 679
796 225
107 242
262 782
363 140
127 255
921 592
539 129
639 272
593 876
23 129
727 941
265 857
434 832
683 57
936 2
22 91
214 947
503 974
107 417
568 973
55 171
942 139
858 846
965 42
556 505
723 24
619 411
325 284
625 782
510 57
976 652
555 704
928 862
654 968
662 471
521 705
647 1
324 378
232 171
133 796
999 750
727 164
362 580
608 276
21 695
295 56
461 272
209 319
764 175
198 845
270 334
265 497
328 160
142 772
218 182
667 986
427 430
319 660
503 219
195 666
986 179
627 703
891 114
964 750
731 749
971 186
920 588
207 580
562 597
869 599
249 438
925 709
389 885
499 826
117 375
598 238
801 584
396 251
877 494
236 506
956 899
830 956
362 288
889 81
474 777
787 728
2 96
774 770
387 678
795 293
448 904
305 17
359 162
325 202
704 249
300 780
724 949
168 422
543 225
614 182
98 938
872 553
873 496
438 482
971 943
202 988
370 298
613 510
300 449
604 23
112 929
794 555
131 268
730 685
205 456
707 151
122 669
177 628
381 396
845 61
315 994
820 845
214 212
555 232
902 863
134 501
618 536
657 664
820 252
786 828
604 603
915 32
221 889
437 684
829 634
425 364
833 383
743 980
100 170
946 694
911 84
135 504
860 892
844 89
785 872
646 483
977 568
910 404
43 715
709 998
104 459
606 374
517 495
842 377
212 433
517 501
766 923
236 79
924 278
781 12
602 539
399 953
933 337
166 576
336 887
989 542
541 652
213 555
130 49
500 57
806 685
761 532
430 804
583 422
475 461
253 816
771 953
763 979
654 870
326 695
628 467
101 771
119 728
745 281
284 947
518 202
797 273
183 331
214 423
112 973
243 149
906 69
245 815
449 534
105 148
427 87
569 261
876 903
695 823
381 726
169 759
77 38
483 275
929 157
859 92
18 404
995 396
124 507
780 276
848 90
925 506
32 375
674 826
693 78
458 433
954 538
318 157
198 439
308 403
274 95
22 641
706 122
1 603
303 152
506 20
307 221
1 922
644 164
312 709
79 577
575 332
407 206
445 119
895 995
94 134
97 930
650 888
292 365
365 593
921 635
425 772
264 390
653 916
782 840
676 459
770 912
623 822
424 204
84 126
801 850
822 932
370 863
524 790
376 436
68 426
875 42
359 149
676 169
663 445
745 586
443 183
889 875
784 137
609 100
149 9
488 987
766 50
755 831
521 859
336 671
279 779
68 110
239 7
703 692
465 78
860 369
310 781
20 120
224 659
852 680
559 801
858 350
163 528
310 961
650 98
201 157
419 843
4 699
225 936
542 447
485 502
731 482
915 235
899 686
347 509
604 741
761 875
190 21
322 181
674 862
379 787
40 638
973 498
170 481
373 742
778 736
963 676
513 629
454 809
228 308
919 401
441 594
743 877
280 785
877 231
259 442
397 24
473 850
936 342
131 244
688 987
356 697
179 224
752 238
592 391
757 851
334 572
64 32
126 796
142 391
277 420
923 158
873 743
782 727
625 594
878 892
58 565
934 562
224 277
150 13
316 381
68 398
396 389
145 643
719 169
499 266
900 799
508 580
608 890
367 259
149 956
405 34
961 658
101 296
36 322
419 346
436 550
64 539
266 203
193 953
50 610
492 999
845 933
901 979
24 441
133 633
975 742
215 173
901 612
115 489
436 515
262 38
780 935
712 117
786 676
803 286
290 439
347 138
518 247
167 927
99 573
509 658
612 357
668 567
405 599
651 803
963 981
33 8
678 632
551 299
772 757
422 442
171 134
756 693
125 595
454 619
995 341
564 230
363 521
587 655
346 787
727 7
911 992
701 268
260 214
355 208
193 29
428 924
765 901
848 991
978 802
863 159
895 955
546 771
740 596
139 717
925 998
292 575
571 718
392 568
343 986
184 661
567 454
386 81
1000 855
149 474
444 462
342 300
448 905
175 590
583 445
71 745
644 583
3 345
499 486
997 555
822 654
552 446
536 399
645 955
104 549
494 495
446 489
441 274
205 281
900 783
814 845
104 692
429 337
660 435
961 828
659 765
452 261
971 172
475 940
628 158
868 653
754 271
209 120
987 9
719 630
133 895
280 221
925 243
998 395
659 475
556 996
287 522
156 295
637 186
12 771
584 198
702 366
117 688
632 550
461 388
928 295
503 9
621 358
566 489
787 492
817 773
913 454
643 749
572 143
689 906
283 202
601 891
998 983
839 465
575 299
208 651
355 204
178 879
30 980
610 874
350 49
56 507
425 926
9 735
193 362
446 612
969 729
622 765
170 618
635 370
856 69
325 782
364 292
666 714
14 650
418 531
473 676
921 440
585 875
206 477
922 18
192 379
69 43
2 260
545 417
315 103
747 152
605 26
844 157
996 649
266 816
819 981
396 514
219 225
521 655
931 969
751 135
948 809
299 230
872 292
323 236
397 845
42 652
534 796
987 532
769 331
453 994
293 541
496 984
962 348
856 967
431 643
103 870
470 111
239 451
503 237
654 316
170 10
247 232
543 975
788 673
470 329
123 33
554 404
796 505
992 163
728 479
857 253
288 948
5 365
668 35
501 286
873 555
169 108
467 275
692 856
252 983
238 678
810 495
923 4
665 844
643 551
344 885
198 112
92 531
364 264
539 84
23 127
135 609
706 575
249 56
50 59
473 640
240 661
226 472
162 560
184 828
900 530
315 18
942 109
357 947
510 147
554 669
594 862
41 614
150 320
283 929
819 531
417 471
638 238
148 353
730 343
551 669
326 656
699 86
681 935
777 672
471 157
872 610
764 560
585 323
894 471
200 191
111 874
426 417
851 384
546 366
320 817
858 428
11 150
72 505
626 896
94 890
2 540
389 332
760 297
211 910
285 107
498 158
561 121
85 462
910 529
97 290
976 125
425 393
155 560
342 70
165 503
720 114
810 119
85 288
549 593
787 36
971 259
385 840
873 549
674 974
159 938
477 583
510 460
597 310
544 430
691 305
144 604
808 499
570 766
187 990
669 762
658 109
217 299
831 498
57 658
888 944
728 217
231 318
535 326
295 989
151 89
382 923
691 124
819 435
734 34
644 846
629 264
162 997
89 515
733 378
594 544
171 881
949 223
635 459
615 890
620 204
197 45
106 636
794 535
330 398
996 867
949 691
604 133
499 442
683 597
915 978
839 656
681 626
149 44
22 298
480 349
997 744
529 582
350 725
107 606
932 645
383 997
663 535
683 680
695 341
712 999
380 877
950 33
788 452
202 777
846 118
120 688
484 147
161 181
656 734
764 835
411 616
910 578
712 197
750 381
998 681
63 46
854 303
622 315
772 758
740 130
333 724
30 332
451 687
831 208
740 17
173 912
100 176
941 806
657 579
398 35
511 766
846 873
207 721
84 396
326 221
213 96
454 778
956 712
792 537
170 341
118 167
101 648
601 143
287 280
530 245
769 895
934 147
661 825
173 707
635 504
672 110
502 177
196 868
100 756
28 377
822 835
515 889
754 633
793 639
776 363
787 381
231 179
552 242
643 221
537 578
893 461
784 933
897 602
970 944
3 203
10 597
729 559
88 417
219 585
664 746
607 458
476 88
131 687
292 212
121 287
994 612
771 863
349 375
97 84
29 633
231 887
982 232
769 162
573 584
442 58
685 14
15 424
120 208
466 836
504 367
585 394
90 1000
732 47
974 20
505 779
552 752
475 943
918 623
501 931
802 12
381 281
642 613
366 183
320 795
945 540
336 934
603 472
416 302
825 966
617 571
595 556
356 216
376 758
216 587
747 793
976 69
298 81
685 188
949 414
329 829
511 525
220 814
976 468
7 648
946 692
270 74
296 449
403 359
207 693
541 213
445 224
356 397
87 559
456 775
346 615
520 496
208 652
726 962
944 287
674 617
785 622
454 129
695 989
23 372
960 262
728 646
240 908
293 158
739 418
324 829
869 811
619 904
515 853
684 836
576 837
577 444
646 455
67 858
250 332
657 4
827 948
221 477
168 215
757 187
153 805
945 257
413 747
31 844
676 183
473 724
771 157
187 235
11 784
909 823
433 70
435 656
510 116
758 614
176 800
264 230
201 371
664 629
187 160
775 867
405 187
733 245
537 410
522 462
762 800
103 477
250 883
90 972
141 704
733 870
220 351
480 756
926 503
233 988
159 492
953 315
202 833
42 762
797 378
210 436
855 420
716 622
966 822
237 26
690 893
327 668
592 819
838 808
307 912
803 567
109 484
661 445
904 350
975 797
980 651
877 991
909 689
636 138
971 247
288 145
666 875
494 576
422 173
355 154
672 200
726 127
764 294
86 286
308 268
597 130
840 905
135 466
383 217
696 381
4 148
77 710
799 747
639 488
965 761
127 196
438 657
662 534
499 613
80 705
923 7
173 412
246 242
49 662
212 70
31 514
472 299
537 905
640 906
701 902
204 674
648 480
502 411
708 582
914 465
52 518
865 133
226 473
56 53
600 214
598 609
413 719
32 642
386 137
903 492
606 206
84 862
927 506
857 602
934 758
120 42
271 798
474 737
580 106
534 59
59 755
510 370
684 259
479 641
134 227
565 512
451 96
659 711
732 23
457 727
812 95
742 152
266 55
946 179
667 61
423 162
881 580
370 959
628 215
264 750
814 612
211 913
270 454
826 190
792 66
366 544
261 129
484 990
836 267
584 484
858 207
208 129
271 984
310 630
561 532
873 778
622 371
622 143
935 214
60 652
186 563
907 667
515 120
216 434
344 359
40 608
555 67
406 595
647 627
814 138
844 99
891 984
626 875
748 967
11 453
589 501
942 611
714 962
571 823
795 143
905 451
28 278
984 68
16 310
914 275
719 484
870 592
193 450
321 693
72 749
58 576
131 916
524 677
301 348
199 573
148 689
899 411
746 740
338 210
827 877
205 529
524 907
687 457
361 275
968 261
110 758
441 395
638 136
305 212
571 209
646 525
206 52
301 800
633 20
572 765
639 224
251 522
455 853
470 1000
452 291
826 112
167 776
831 481
542 876
928 704
470 859
346 221
320 816
11 373
253 314
254 589
448 644
833 630
461 269
856 785
397 997
878 166
590 282
167 255
523 367
318 121
670 210
125 593
118 618
57 241
609 812
574 782
778 307
816 578
160 230
894 799
26 659
835 463
751 739
612 187
657 876
469 326
770 645
113 501
922 747
242 440
184 552
684 865
409 921
951 661
798 413
387 282
26 198
211 190
818 106
984 382
418 636
335 225
192 273
31 248
642 399
150 158
851 127
234 7
70 417
898 212
956 450
336 571
452 794
410 490
174 387
784 211
141 586
989 262
885 469
372 312
693 514
34 129
326 729
267 129
827 452
45 383
103 521
915 617
402 620
223 708
958 521
716 587
539 962
167 957
664 811
25 924
726 404
416 303
860 426
61 523
703 940
715 72
109 511
328 634
989 891
171 228
229 934
142 999
665 974
26 836
482 258
707 327
764 428
824 105
109 33
348 588
95 521
265 329
602 418
751 519
776 91
351 245
446 667
879 405
17 425
436 405
844 314
863 110
481 292
868 432
523 855
321 851
658 178
444 817
347 995
943 487
630 158
828 981
444 31
532 973
343 779
883 814
520 190
799 630
856 246
199 628
940 622
183 529
157 884
49 331
309 937
71 574
734 138
936 221
330 455
404 834
261 839
813 410
542 744
429 401
103 254
486 194
417 457
605 24
951 12
241 781
737 703
849 590
480 407
618 133
46 362
504 285
928 553
798 272
881 974
733 869
348 261
671 179
983 253
125 213
920 45
52 571
613 352
116 904
501 902
307 757
489 762
896 86
146 589
663 828
43 223
7 952
726 432
546 42
968 872
552 871
129 554
8 645
542 70
622 240
843 709
540 675
354 394
69 885
967 860
848 236
632 691
155 372
835 502
375 465
958 894
915 430
679 185
792 547
80 277
687 658
728 417
781 617
338 309
217 92
680 580
952 169
520 493
297 20
268 659
735 119
994 431
463 848
619 998
241 249
106 575
527 795
269 55
666 701
369 523
143 214
749 744
244 850
933 481
37 188
495 720
956 70
118 825
546 966
32 532
879 830
625 427
681 489
850 464
857 552
549 162
953 809
225 150
411 359
641 318
935 990
934 759
597 551
988 100
514 48
827 46
115 240
905 844
516 866
21 76
442 317
558 285
707 933
618 8
557 155
229 58
525 637
929 348
641 64
146 542
39 438
737 511
276 237
519 99
872 258
516 143
893 244
955 529
168 957
426 193
220 823
933 670
295 589
55 944
116 642
869 460
891 268
124 149
146 339
94 549
942 791
549 607
42 19
151 919
645 861
122 805
708 620
144 719
308 370
312 885
961 408
635 97
302 400
873 692
910 83
326 362
495 863
869 896
764 194
455 964
456 943
74 354
203 330
611 89
597 22
82 521
696 313
588 895
234 976
244 901
174 936
835 814
947 232
843 267
115 656
601 527
361 752
583 325
931 700
328 455
104 329
398 675
420 447
370 894
656 133
784 970
913 746
698 512
996 877
84 403
139 366
948 162
620 861
287 62
435 715
572 920
212 275
279 586
193 781
529 939
516 695
276 316
847 135
486 364
928 995
230 143
819 926
279 735
589 460
189 990
560 222
686 370
484 270
301 944
819 783
894 497
417 211
953 257
148 101
115 490
159 357
437 1
259 801
404 446
704 716
959 396
871 624
119 509
336 645
642 526
829 880
556 968
884 461
321 409
232 108
983 395
161 48
811 26
48 590
638 551
367 535
207 802
668 464
616 1
691 625
916 951
952 623
708 450
902 913
105 685
514 893
489 782
540 107
313 568
591 917
939 412
479 495
706 417
882 518
530 243
734 339
169 25
723 670
540 56
243 936
909 333
22 942
723 527
122 394
202 811
936 452
865 482
758 23
947 196
876 166
550 291
537 576
726 537
317 964
643 108
455 954
297 552
562 100
836 603
325 474
73 49
478 760
620 833
963 860
589 654
681 707
774 544
135 222
563 547
215 364
72 198
845 168
548 260
162 459
271 607
93 737
719 861
189 994
279 844
104 710
163 975
609 643
857 405
205 120
101 39
530 881
755 22
560 472
