1000 9884
906 143
691 943
674 163
693 197
363 750
384 701
21 568
850 544
115 257
963 835
639 946
441 685
226 685
613 783
762 587
209 569
319 692
160 3
804 852
679 148
496 171
601 888
182 518
696 36
474 199
881 216
649 210
868 290
526 168
786 588
624 774
660 566
528 516
80 584
981 254
196 858
424 69
27 992
9 557
857 817
221 426
957 470
335 422
374 328
469 556
788 868
352 278
135 911
796 971
361 712
676 177
969 393
733 416
144 73
386 163
86 123
488 709
549 286
715 618
205 728
866 754
336 905
392 907
724 788
987 426
861 397
699 478
658 552
520 763
580 459
29 221
34 307
988 48
917 508
595 142
172 69
870 52
157 439
33 649
881 973
909 723
615 320
964 72
837 710
159 494
555 413
793 288
315 548
7 810
121 885
656 536
677 898
90 236
228 326
591 408
632 359
996 200
635 536
997 145
873 911
691 399
91 202
111 263
121 39
544 584
212 942
708 875
488 462
346 948
811 98
722 571
427 349
543 571
912 827
849 914
330 608
132 190
228 263
156 36
470 332
327 77
899 596
773 947
170 408
463 573
544 389
929 733
950 885
166 164
723 745
812 878
421 228
715 125
793 907
353 284
209 848
230 634
341 307
861 956
494 787
904 875
463 192
139 534
159 255
586 373
701 471
550 280
334 599
541 763
189 815
271 379
952 742
438 945
700 92
61 406
836 524
412 800
36 116
93 101
184 831
499 306
173 205
178 293
657 913
524 112
345 969
272 433
438 66
21 218
353 698
281 133
391 952
853 893
231 697
452 186
626 310
498 616
78 20
465 49
655 652
293 843
337 127
466 556
379 373
824 486
551 845
533 450
275 51
544 997
23 347
945 602
17 923
73 871
721 179
408 622
484 943
178 750
803 402
15 33
588 293
35 695
744 123
446 487
753 953
824 179
437 176
366 318
167 315
501 477
587 372
159 919
19 256
53 757
192 732
781 294
138 670
506 52
654 12
809 835
97 593
705 914
133 409
598 199
711 92
363 242
572 486
98 125
403 913
409 510
283 469
435 270
737 658
573 12
837 703
387 403
136 657
839 841
416 609
990 207
304 662
807 990
335 414
102 729
892 821
166 652
560 659
796 563
232 868
192 33
819 338
434 716
95 58
577 644
107 309
682 605
379 725
270 868
16 771
969 163
438 46
520 691
728 566
710 762
250 260
572 767
612 956
78 112
535 392
360 373
548 368
147 441
917 165
793 367
560 174
65 704
941 351
125 156
769 406
642 924
223 627
355 651
962 481
377 839
484 109
485 308
604 814
510 729
829 911
564 460
972 921
367 929
375 122
32 324
86 11
488 262
18 363
882 106
316 691
167 334
260 444
557 578
725 672
24 206
88 731
133 506
78 718
84 399
859 471
787 178
841 686
386 745
648 236
635 12
471 311
749 508
363 321
273 89
430 148
443 617
65 479
874 863
473 946
481 399
154 287
601 430
32 270
749 286
967 363
684 867
978 576
999 858
254 598
35 385
897 558
683 458
148 736
554 943
810 734
957 290
356 959
692 561
73 167
788 47
791 191
741 880
5 870
376 496
428 837
378 578
609 198
847 68
727 658
103 212
750 881
35 76
805 592
404 799
331 969
158 392
180 966
951 91
628 452
955 156
680 117
206 22
903 212
319 285
249 561
233 390
492 967
257 484
25 832
390 56
579 183
216 897
699 768
702 673
538 654
405 917
101 38
671 366
52 478
676 560
439 698
691 769
599 920
677 894
270 444
971 529
110 191
368 554
935 442
540 554
159 696
275 87
518 497
251 61
923 315
781 865
85 372
210 110
271 131
990 553
242 305
658 409
844 86
847 849
459 48
702 76
902 626
139 958
156 112
88 806
394 685
678 981
825 391
293 441
868 291
843 103
915 370
388 274
377 505
529 276
251 400
911 742
330 1
296 113
994 120
334 969
705 203
49 623
876 116
714 875
532 856
26 324
504 867
468 262
291 775
40 5
956 19
367 725
729 415
879 917
572 99
495 924
22 4
44 452
316 289
571 317
681 685
849 563
723 102
797 819
407 587
157 660
619 457
983 552
175 735
234 121
235 448
341 564
464 226
754 344
760 225
758 572
686 201
486 339
827 117
650 646
524 179
466 807
304 48
348 263
621 770
582 520
340 867
300 18
954 995
276 203
261 281
271 848
990 994
47 761
391 539
399 60
863 635
873 787
13 650
848 95
904 321
318 55
662 762
402 18
304 821
389 808
82 810
200 801
916 607
564 519
504 707
691 729
838 600
200 944
830 140
298 485
118 226
299 580
602 311
472 16
256 785
959 269
10 980
63 856
324 303
273 178
420 167
599 890
26 282
245 150
887 715
217 493
715 346
588 676
303 915
406 97
227 516
968 208
254 303
537 575
245 424
946 207
583 496
171 992
67 862
257 864
614 398
653 194
396 365
549 305
951 509
168 468
477 374
941 199
118 584
943 521
234 93
417 491
810 958
741 618
337 348
291 383
283 335
279 774
893 912
819 821
489 442
355 701
711 868
586 635
552 551
57 399
976 773
955 418
295 189
6 48
160 896
379 372
346 119
54 300
789 823
494 39
885 862
501 777
243 582
534 981
95 737
901 446
351 267
484 936
657 714
532 254
403 450
923 159
63 276
475 363
213 487
397 672
780 316
958 3
910 422
911 907
810 173
527 200
285 717
311 589
331 275
443 701
210 844
320 32
943 120
801 535
273 158
610 129
709 296
191 884
456 655
383 476
585 794
614 584
944 932
306 177
895 113
1 421
849 857
870 945
687 357
6 577
723 177
942 141
780 24
875 922
107 417
456 508
824 205
665 232
187 466
808 818
979 904
16 772
421 819
760 25
978 48
64 528
335 202
548 226
762 354
159 839
336 368
998 660
617 914
945 667
765 122
510 591
648 706
56 877
169 562
167 107
466 672
251 986
566 151
806 390
842 967
332 57
322 99
345 130
643 871
660 847
644 436
259 622
668 466
83 882
925 445
322 146
711 396
949 311
458 498
169 893
526 874
321 42
17 305
380 499
130 624
882 845
648 237
173 686
15 889
696 249
113 281
967 884
502 181
912 433
950 986
678 136
681 244
661 950
723 529
675 914
416 543
18 703
629 327
633 892
979 360
472 808
628 513
224 327
170 917
10 718
623 986
520 995
170 804
67 896
697 326
358 129
111 587
718 417
735 525
844 435
206 373
141 671
295 513
58 325
928 914
68 141
875 791
750 993
533 837
67 335
619 266
33 739
395 452
474 343
873 511
727 352
105 17
106 378
180 741
347 124
281 414
671 361
894 354
366 187
95 539
933 227
380 83
643 933
129 963
6 395
299 415
137 456
621 720
358 958
422 399
791 773
128 261
591 676
152 210
13 758
214 89
256 633
720 62
960 973
338 945
742 739
325 693
623 356
256 744
520 357
167 450
404 38
282 536
1000 365
32 79
716 153
77 676
826 681
758 292
777 491
468 946
397 458
736 834
237 267
482 210
729 83
711 39
786 506
678 180
437 874
523 985
249 182
490 712
829 169
867 330
466 337
874 594
411 496
620 114
141 167
202 471
266 584
33 835
257 795
495 927
22 5
650 978
297 522
59 728
27 689
11 788
412 845
885 148
83 134
671 777
528 9
968 320
823 194
550 958
120 129
873 325
891 653
989 359
422 936
119 726
279 765
569 557
417 296
474 299
849 365
557 180
513 54
343 31
385 443
370 219
579 459
300 306
926 10
105 158
65 568
798 64
525 824
285 51
915 868
189 599
778 404
726 294
657 749
160 835
538 435
15 463
351 423
393 195
614 589
911 1
256 581
596 645
88 660
756 799
649 99
764 290
913 310
499 843
654 127
127 371
97 932
460 594
531 353
199 823
148 955
765 381
807 564
502 884
369 520
888 520
615 623
762 33
264 396
411 303
786 369
349 69
295 901
866 963
792 994
922 849
608 718
562 456
891 636
175 303
841 263
479 188
578 640
796 553
690 100
509 956
434 806
166 753
376 41
886 723
395 209
420 356
663 296
277 221
261 696
903 377
634 680
943 520
469 913
440 949
936 986
520 665
708 358
653 419
108 922
716 857
922 117
510 374
827 400
564 805
844 824
107 370
110 427
834 575
154 605
215 671
531 517
841 701
964 317
567 368
203 549
590 147
920 955
258 830
977 190
612 103
851 741
302 987
488 413
569 404
952 268
73 869
937 728
132 382
481 820
9 205
319 1000
209 572
973 283
5 25
483 19
194 66
70 561
626 65
476 888
80 357
483 96
891 111
553 682
181 745
593 665
557 894
84 484
79 130
476 802
781 283
731 932
861 59
873 373
993 230
757 940
278 383
321 80
465 804
754 237
692 936
416 611
202 412
166 563
829 209
353 24
481 67
944 933
706 540
232 983
999 129
800 473
970 921
53 995
644 730
705 476
67 935
448 931
103 93
905 333
935 878
135 870
653 229
182 263
706 849
603 567
819 626
201 271
439 881
633 268
47 239
963 415
201 408
132 798
899 979
633 509
724 556
543 40
301 941
929 396
750 548
441 218
115 495
280 88
320 901
817 343
252 172
907 290
93 659
608 299
113 208
350 624
276 883
224 548
595 535
299 434
981 562
621 854
773 326
867 980
394 597
274 255
475 514
388 139
796 280
467 658
857 286
765 701
794 659
769 592
739 862
564 147
855 940
290 996
97 514
95 11
374 214
303 94
551 260
166 226
151 154
686 454
257 256
855 754
236 98
537 811
349 954
283 435
287 475
348 731
719 452
961 820
212 122
586 395
269 973
499 718
317 961
654 448
749 574
438 895
700 6
723 223
94 7
537 359
59 231
478 767
581 730
177 80
163 5
112 619
42 862
115 828
577 535
63 548
210 24
746 998
579 901
20 873
186 81
52 594
292 388
491 18
125 92
676 860
589 493
935 705
846 36
360 339
140 529
414 788
918 608
924 741
686 508
300 335
29 775
302 245
803 288
91 114
534 688
703 859
461 348
130 449
29 952
381 389
698 441
313 157
388 841
299 414
570 895
167 159
316 699
565 56
417 864
199 270
238 848
939 223
216 366
15 136
627 608
298 380
322 358
531 102
435 61
497 184
688 699
28 180
964 856
198 364
900 480
406 377
657 427
579 547
303 995
674 725
89 307
87 776
311 436
352 715
497 83
705 201
188 610
53 825
644 892
666 724
799 528
856 250
390 4
698 741
992 906
952 468
84 976
267 272
175 507
532 952
774 737
22 26
978 324
317 598
675 380
608 841
37 631
274 875
689 985
194 852
71 856
510 200
992 71
666 136
922 318
318 927
724 902
194 665
211 301
487 744
825 553
647 160
764 554
195 225
352 974
583 519
76 548
665 449
708 33
897 150
542 586
858 325
42 374
977 81
388 813
87 379
865 897
826 505
241 175
470 574
389 133
618 615
160 179
419 941
750 24
769 623
789 612
683 161
925 356
963 709
677 451
270 43
56 499
114 665
647 923
377 697
69 659
970 430
97 586
749 834
545 802
930 764
700 650
300 760
598 297
411 177
765 824
434 114
952 907
826 940
648 388
334 555
482 870
835 822
378 823
14 761
127 80
643 139
681 92
739 338
984 520
351 536
687 210
391 497
287 288
646 529
254 301
917 601
221 60
296 909
478 405
396 408
934 664
534 492
957 729
7 310
923 425
887 920
162 377
440 967
563 511
603 554
234 91
987 395
14 821
861 494
628 399
520 605
929 761
465 421
998 9
682 502
287 868
441 310
73 296
680 448
185 998
457 585
189 950
850 16
353 552
724 521
582 475
987 169
436 721
519 462
152 8
225 598
507 332
822 5
915 933
57 397
594 412
561 813
413 70
30 440
426 527
110 138
298 472
975 990
209 203
542 23
47 671
690 794
621 518
159 749
419 880
167 214
461 501
648 917
134 436
284 449
51 502
298 165
969 808
221 555
131 479
668 238
155 453
387 246
201 694
175 127
606 305
293 192
369 602
444 108
463 816
505 106
89 259
880 42
24 806
166 417
518 906
443 812
47 422
567 559
804 291
394 240
420 84
594 651
973 896
740 925
615 739
906 434
783 643
666 447
660 235
945 332
766 740
692 719
222 634
577 665
512 984
823 148
425 797
573 461
233 236
325 260
698 878
41 725
391 921
811 594
813 128
906 802
621 823
965 453
159 274
660 277
629 616
850 903
477 922
616 598
973 75
521 602
868 871
427 107
712 203
342 410
654 344
536 57
595 608
212 882
907 690
12 790
972 916
207 953
227 164
697 452
200 748
843 618
83 997
184 352
648 239
815 269
247 863
484 563
584 961
137 454
164 433
147 709
774 526
632 973
47 100
509 171
35 676
821 525
36 715
506 460
193 304
429 885
340 432
804 327
382 815
421 657
957 319
481 110
767 88
70 248
684 636
957 656
705 447
120 905
616 782
67 898
504 40
582 4
954 406
383 720
261 878
742 281
27 580
376 98
656 116
106 55
742 542
326 560
183 89
974 892
577 534
542 512
284 816
498 284
741 672
392 753
547 540
358 368
641 482
315 687
63 773
551 124
83 836
110 352
730 91
341 503
617 908
155 688
555 419
640 213
168 261
668 739
850 762
177 620
363 853
952 342
128 360
220 518
850 653
582 860
345 371
878 71
937 535
481 883
427 373
691 544
307 950
217 937
159 842
199 265
237 86
220 804
337 512
657 545
521 921
234 920
41 260
133 316
317 463
155 284
599 473
565 217
469 244
911 973
178 553
274 386
458 359
667 377
668 214
936 778
78 971
338 608
523 842
84 140
527 770
948 501
255 485
796 801
302 174
70 58
273 356
790 323
749 783
631 767
879 801
808 126
157 847
490 488
619 702
810 679
832 915
600 367
943 897
352 8
704 221
82 161
742 293
219 984
861 393
789 348
114 717
543 205
512 575
999 331
34 335
275 193
111 860
746 106
513 155
881 961
823 994
493 507
388 633
571 982
957 888
427 917
985 931
908 295
755 73
696 537
337 816
699 926
958 953
929 149
626 889
657 814
595 718
688 284
673 168
492 490
661 455
413 837
43 462
459 64
189 110
895 945
135 502
49 826
311 836
355 128
776 204
912 733
655 447
18 80
422 149
94 255
277 837
10 976
196 147
27 162
356 574
322 506
74 331
58 852
240 95
296 193
938 784
98 85
706 276
84 160
505 77
426 384
717 692
277 551
9 589
748 14
967 300
348 668
24 890
645 568
648 276
743 261
653 29
678 432
827 982
421 681
461 620
154 116
926 910
228 209
984 315
90 821
257 869
311 46
3 265
505 649
729 2
165 549
41 623
633 133
121 473
304 151
361 458
804 748
862 606
556 413
336 760
758 543
926 315
49 165
927 6
864 46
797 566
319 342
966 210
451 102
966 955
215 976
93 549
332 931
287 551
741 329
428 334
253 447
290 427
219 115
242 944
262 973
586 411
821 338
345 393
509 646
225 823
228 114
102 543
145 400
418 438
755 323
630 893
21 523
670 248
655 844
161 408
234 830
844 187
872 180
781 678
13 572
624 533
750 53
312 907
78 758
742 681
483 643
431 386
199 102
792 17
227 105
744 797
991 107
169 32
834 306
487 97
549 781
454 195
537 845
442 651
226 634
585 633
258 164
605 614
363 135
491 74
644 934
631 822
891 685
692 938
952 535
934 987
370 1000
10 809
708 838
620 180
947 284
514 329
731 415
904 617
118 649
174 143
325 481
755 596
365 992
261 777
153 144
427 529
72 832
96 70
983 379
430 983
289 705
179 725
988 313
745 328
340 960
86 44
578 726
832 616
337 206
293 875
241 554
467 749
392 564
410 805
674 438
825 172
582 172
751 196
937 792
518 239
885 654
781 919
959 242
678 594
346 86
59 615
775 357
68 767
848 395
965 7
119 220
29 244
674 779
233 585
307 974
200 670
700 783
954 619
191 320
230 113
225 281
52 58
39 268
540 791
722 654
156 104
469 223
770 748
296 379
739 209
367 752
728 414
70 829
91 567
957 611
425 938
523 801
763 164
765 782
805 439
259 47
874 746
356 837
359 358
614 664
5 576
373 6
412 582
673 264
897 546
326 132
643 194
576 239
380 498
478 451
301 442
684 637
97 61
44 476
830 647
852 443
490 4
914 674
954 407
2 1000
314 122
331 892
1 904
262 446
391 222
180 851
516 513
337 264
712 812
875 776
501 290
393 671
366 860
681 992
777 737
559 899
452 269
900 37
642 973
989 546
480 606
449 513
929 287
103 660
17 837
630 923
77 57
902 42
778 108
941 720
985 608
609 608
544 545
642 809
656 991
768 185
54 410
755 315
117 798
590 915
69 923
674 815
669 731
955 826
204 972
333 578
523 542
211 607
273 799
221 993
958 478
301 703
22 621
244 693
388 399
890 355
321 932
256 739
158 31
424 443
852 795
670 652
430 369
584 845
472 423
951 977
39 999
316 104
300 677
887 739
908 932
197 315
10 688
964 169
291 954
210 694
528 735
412 938
586 429
456 714
398 749
496 763
873 43
193 573
535 101
192 371
896 625
866 655
81 589
688 273
799 193
832 177
969 238
285 392
845 515
314 957
263 4
505 974
180 934
452 67
324 690
932 373
935 534
497 622
1000 485
261 611
686 316
800 351
413 808
875 645
536 293
883 142
258 567
578 928
975 678
807 425
962 434
873 245
612 658
987 109
660 189
419 713
756 678
81 410
797 484
214 158
604 786
473 272
61 553
635 908
215 800
530 331
555 207
773 156
189 453
65 863
765 754
158 448
609 878
955 838
579 850
424 136
322 217
752 398
894 857
552 868
331 13
725 469
283 174
377 703
194 287
947 839
17 510
156 637
701 332
999 555
857 118
861 518
832 308
351 868
120 518
982 718
360 713
35 639
438 616
717 691
373 77
501 56
751 940
947 561
549 74
557 456
574 407
98 436
795 454
562 455
106 987
838 24
158 533
163 481
400 989
667 817
373 272
528 473
233 357
676 33
328 143
295 629
650 580
211 346
563 753
103 280
288 977
419 169
891 665
279 685
138 259
196 29
866 818
643 850
944 87
315 56
695 154
867 631
110 314
135 451
105 238
512 314
441 44
115 389
449 388
530 690
656 633
494 43
578 678
411 565
142 647
90 124
492 440
642 727
522 33
367 579
501 646
951 463
845 333
901 459
316 637
247 87
873 924
982 46
144 694
826 522
96 803
961 481
561 751
194 496
359 526
344 285
476 746
39 760
960 679
230 825
723 648
422 138
766 814
431 227
415 558
922 670
390 180
502 996
144 129
786 336
84 923
931 674
737 887
40 449
59 367
757 124
832 941
656 251
791 263
335 187
106 209
343 668
399 670
116 10
483 777
745 446
29 621
604 487
676 980
20 848
537 426
629 852
137 532
524 224
484 421
58 126
963 273
972 545
771 662
721 871
168 865
733 984
987 367
872 356
867 88
410 853
431 850
324 755
237 846
399 195
746 468
927 569
234 640
350 518
650 158
63 423
530 440
158 393
899 757
440 238
568 234
198 613
808 697
403 339
740 488
198 500
424 305
556 522
460 439
363 144
563 478
543 796
36 614
458 208
852 768
601 433
50 409
472 379
42 517
313 909
889 603
247 748
396 124
78 55
560 74
353 57
598 561
732 995
681 299
541 815
871 488
357 396
55 255
883 486
517 553
685 356
542 759
249 730
430 897
15 797
754 669
975 431
263 97
880 611
705 183
955 147
498 282
595 248
776 830
618 59
871 863
608 125
186 463
538 792
116 780
686 400
444 779
146 576
67 448
360 342
512 371
879 417
458 975
2 557
96 304
538 651
958 560
595 982
228 213
229 124
802 4
15 721
347 225
42 657
594 354
225 781
265 793
623 29
989 707
983 421
80 2
760 612
246 691
964 534
968 593
221 847
256 346
83 786
246 290
997 426
229 560
568 134
877 900
1000 218
616 242
320 479
807 814
946 398
140 473
216 143
549 883
252 597
346 542
938 826
705 93
695 575
912 401
450 624
288 411
255 487
2 393
368 201
579 693
122 424
797 400
307 278
370 888
753 762
186 605
614 645
26 178
67 834
876 128
895 164
953 933
922 1000
814 186
837 251
552 101
886 344
11 776
158 585
840 416
292 823
410 422
789 346
257 57
276 259
224 52
580 305
229 301
121 428
323 808
949 612
123 161
91 260
400 559
24 331
733 894
651 55
123 68
328 848
332 776
868 682
116 919
264 568
210 928
569 275
259 895
445 600
851 717
67 218
414 845
953 29
310 490
640 281
778 400
781 815
817 638
882 92
185 500
994 610
756 581
649 389
613 988
545 84
820 218
379 58
734 608
758 539
94 451
590 452
670 444
683 774
380 448
952 193
535 998
916 612
955 950
703 316
942 988
71 70
790 656
648 169
601 207
50 383
566 671
937 205
575 711
464 905
305 651
514 577
36 302
609 159
94 31
421 373
792 887
943 208
947 149
287 412
457 417
169 373
304 476
486 820
503 846
549 218
376 446
178 332
14 542
864 339
323 742
490 93
404 877
590 795
162 299
73 348
510 235
183 131
97 326
625 100
758 541
300 93
708 354
270 829
396 584
898 262
632 60
524 332
638 118
272 597
310 189
996 436
579 356
162 124
579 501
796 125
711 752
59 78
863 565
76 297
280 286
933 233
953 57
639 527
539 816
939 122
557 455
805 627
892 58
470 384
795 603
246 763
781 676
484 804
86 80
434 465
146 477
75 449
632 998
192 675
997 482
545 225
93 557
308 377
591 338
865 652
437 539
786 28
236 235
424 485
454 193
990 919
437 829
956 771
79 732
162 792
821 679
515 772
329 313
607 170
994 61
528 649
785 254
288 562
952 537
667 254
601 374
931 677
608 534
295 826
631 598
893 523
862 771
663 475
323 706
729 587
606 771
222 520
707 616
409 941
417 394
552 347
718 360
258 730
119 741
547 64
633 886
880 727
936 585
484 309
391 811
434 186
125 37
992 352
186 411
544 825
651 127
746 307
90 831
676 538
509 823
446 216
963 78
926 70
587 970
487 864
237 845
823 714
958 887
709 660
670 75
263 531
102 578
323 316
110 20
81 399
593 78
332 54
831 92
707 450
610 30
194 51
177 807
34 680
237 111
517 845
762 574
428 880
821 199
125 730
292 164
274 10
937 474
846 682
946 536
179 443
531 78
274 413
132 3
575 313
541 377
377 374
782 125
522 31
649 776
748 178
143 562
187 610
683 537
425 816
706 346
355 440
729 235
343 895
473 549
257 528
421 269
260 909
292 62
168 228
919 115
316 420
709 331
455 947
645 655
619 82
32 706
732 915
872 2
400 806
258 412
135 838
407 573
710 882
103 210
499 345
935 927
612 888
349 334
979 939
928 919
374 803
548 188
660 470
898 351
632 5
435 970
898 462
168 719
851 466
447 423
30 213
638 910
346 278
971 977
1000 385
703 758
194 962
964 226
566 42
200 335
723 67
729 627
67 225
431 512
731 6
525 864
323 280
832 783
170 152
259 544
890 407
551 113
539 617
726 241
333 576
9 922
303 280
704 319
87 433
610 542
682 115
648 831
388 506
299 705
156 78
817 908
579 839
985 34
986 781
181 557
938 936
562 620
815 290
229 578
843 29
56 313
754 432
222 106
614 856
908 983
382 620
535 272
352 719
945 94
108 132
880 117
865 263
573 78
283 256
453 80
867 478
26 34
135 900
322 857
839 924
219 575
201 24
130 4
701 859
334 284
316 319
245 335
698 963
918 196
595 441
28 794
219 989
590 764
667 629
120 134
104 523
672 813
571 17
220 417
471 80
254 832
413 484
613 263
211 527
713 497
816 966
301 514
51 851
115 344
152 462
887 434
285 14
971 563
846 849
208 37
741 133
262 774
359 774
964 484
677 749
825 90
497 57
576 921
561 624
891 233
673 30
747 909
104 734
657 691
125 642
638 927
653 598
269 333
198 317
437 951
518 640
98 225
939 477
230 994
89 275
22 873
502 353
583 200
72 762
164 170
844 564
974 767
245 1
727 925
842 85
382 874
426 960
80 984
620 226
509 381
55 177
438 827
742 341
948 776
880 974
112 600
945 6
842 390
408 152
819 854
448 745
710 657
4 592
914 906
722 67
940 910
208 187
215 130
352 498
509 929
634 774
751 173
453 682
368 906
55 746
383 809
355 660
450 197
263 409
357 462
726 523
868 828
253 301
91 190
129 925
663 856
261 136
392 377
678 587
518 32
68 938
392 200
233 594
824 203
897 351
695 600
916 283
366 342
773 254
851 966
691 541
604 478
420 525
42 27
812 555
815 388
655 111
490 841
273 997
130 614
437 538
900 134
593 668
156 998
711 196
493 723
630 316
613 546
565 237
765 871
914 249
843 37
577 81
316 163
501 105
175 232
287 482
204 449
697 616
130 315
24 810
829 123
302 229
857 882
204 888
416 632
329 137
169 336
266 698
684 916
166 647
886 278
965 909
435 674
903 459
63 702
465 731
165 677
286 475
180 890
490 190
864 495
718 510
332 653
719 35
408 325
258 731
267 720
728 573
267 139
362 775
946 854
774 350
569 616
534 318
538 693
155 859
29 830
357 401
964 143
696 613
548 462
487 786
110 315
404 326
507 477
931 431
312 221
185 81
133 913
651 860
321 401
752 667
607 437
54 445
129 618
759 376
405 717
688 295
431 333
548 819
826 445
4 785
302 730
948 72
938 34
497 338
331 809
100 777
156 107
376 133
677 391
199 71
97 517
494 513
298 276
961 124
998 945
847 846
822 376
401 37
293 31
4 198
353 492
637 737
360 756
827 708
499 414
169 402
903 875
649 920
245 167
943 26
1000 932
880 74
169 291
279 162
84 74
467 66
586 436
474 874
201 914
47 311
16 41
163 298
805 871
607 431
176 687
383 713
162 654
895 480
241 911
754 928
993 120
760 349
504 411
15 799
128 945
239 509
59 107
393 563
84 526
214 693
31 1
570 341
400 709
153 850
889 921
928 775
267 183
769 41
366 867
82 362
530 982
569 644
971 808
608 238
789 919
621 936
458 860
42 671
201 723
856 839
244 746
450 232
69 550
521 459
761 974
924 896
156 314
268 860
765 378
507 86
520 89
756 611
80 4
604 559
595 873
38 141
310 678
208 856
651 11
252 369
971 197
27 301
389 846
926 387
584 914
765 169
970 439
273 941
644 180
33 336
888 788
939 496
374 55
583 961
745 159
554 217
594 502
11 207
322 517
678 190
839 232
571 886
994 115
601 403
710 351
378 796
754 659
663 207
390 945
230 688
344 787
451 833
363 995
818 7
483 400
32 624
861 227
798 217
559 364
122 422
712 621
931 973
254 20
491 962
147 290
614 372
121 449
893 675
125 281
552 389
22 377
742 392
979 838
449 855
894 87
16 834
660 491
257 424
132 844
272 619
243 240
872 640
67 446
260 933
875 535
660 201
57 372
6 508
647 445
336 461
190 440
816 967
565 724
488 24
162 201
113 701
502 617
30 464
694 875
454 652
699 515
459 358
686 767
272 906
29 8
767 507
68 562
204 352
935 36
773 153
997 379
32 387
581 579
233 518
735 459
293 356
20 428
185 111
564 161
431 490
911 956
42 183
613 700
317 495
47 826
618 770
503 260
454 840
511 777
596 241
848 771
958 328
264 340
325 949
678 123
706 272
246 89
766 896
592 407
371 635
649 976
249 84
382 792
681 71
476 325
776 301
45 728
312 262
766 610
948 747
136 987
391 381
508 709
733 412
460 823
718 624
463 415
12 197
141 423
606 805
816 423
303 631
942 235
871 131
370 388
318 956
335 966
410 555
653 477
784 276
396 586
399 421
537 124
349 550
940 911
408 8
239 11
688 79
872 764
855 493
638 967
824 639
589 257
186 372
759 625
363 896
414 796
592 890
60 928
132 469
225 843
212 859
672 906
181 928
627 400
253 812
406 783
650 249
688 316
82 835
554 349
21 632
651 529
327 408
420 526
510 184
765 516
235 761
17 334
141 484
490 971
960 698
520 558
170 623
341 509
843 87
860 943
645 213
259 422
460 541
9 691
819 158
285 710
933 170
577 80
505 109
171 609
179 236
199 785
350 391
655 126
335 497
856 8
135 982
623 862
847 330
562 486
47 274
602 935
405 122
751 737
606 999
735 641
258 7
465 585
230 459
829 311
956 321
290 145
282 304
343 665
774 573
337 288
656 412
988 65
590 821
827 69
21 6
315 297
85 947
619 295
784 368
641 409
849 286
315 646
160 709
508 173
862 856
8 595
873 33
675 852
489 296
807 370
150 679
489 697
309 78
384 827
59 635
6 422
708 772
251 979
34 823
143 203
237 220
988 564
38 791
60 827
47 559
840 234
604 580
697 94
203 805
246 709
907 919
125 728
952 12
717 820
424 677
208 780
597 366
834 112
193 120
126 764
765 167
350 182
242 487
227 393
504 514
161 523
364 22
12 870
762 963
620 359
416 679
692 404
882 550
304 696
800 285
729 233
144 849
341 606
201 768
199 757
537 990
535 383
322 511
11 515
378 872
535 492
849 813
421 668
740 958
524 835
305 947
163 301
517 571
757 93
596 93
390 756
538 930
139 308
533 620
183 39
476 83
906 542
191 827
783 896
2 919
168 403
166 898
832 682
629 821
704 404
813 78
944 387
978 580
548 269
292 579
392 581
33 341
769 89
254 949
721 832
993 571
704 690
135 260
963 159
676 568
336 108
594 353
265 187
569 357
218 125
399 32
38 928
364 573
800 671
747 786
787 395
368 689
775 260
259 546
802 393
711 472
53 222
347 561
403 259
597 401
172 700
456 817
144 753
473 75
460 834
942 967
88 814
787 214
866 357
460 470
486 594
583 960
667 167
201 706
535 701
316 245
691 483
710 461
765 814
273 206
992 674
717 651
276 973
10 907
725 128
377 114
13 659
605 426
342 688
992 529
350 351
98 428
466 328
456 718
516 316
847 258
976 86
988 377
500 159
546 811
969 432
409 73
317 592
323 527
676 196
144 490
770 82
130 181
97 828
273 705
819 515
914 789
440 928
385 97
225 354
468 452
29 594
139 62
474 643
741 719
776 989
798 286
654 994
703 647
281 466
488 138
327 627
54 169
737 489
634 851
618 316
837 606
416 470
713 576
471 432
627 6
744 362
51 706
893 343
660 40
328 561
741 131
669 166
582 957
712 725
855 823
540 693
834 918
638 612
364 809
368 300
833 342
338 908
997 459
490 851
454 830
386 566
445 25
947 843
806 50
682 484
616 698
563 283
527 252
160 262
736 869
199 927
559 968
986 513
435 317
273 170
771 439
809 8
738 94
601 494
620 62
164 212
456 746
718 710
831 941
460 958
158 537
641 609
440 862
817 441
745 565
234 245
505 652
861 119
775 811
300 201
15 854
839 672
954 314
632 869
64 524
854 851
641 444
168 539
685 75
927 146
552 640
77 155
793 154
100 853
544 784
337 118
390 248
29 856
635 61
271 783
128 55
932 986
388 888
82 597
157 37
916 438
648 524
388 783
941 933
360 222
125 578
53 229
76 10
223 181
647 727
929 559
414 590
934 385
956 585
834 109
624 665
260 231
511 949
83 956
427 919
913 267
645 381
305 603
624 839
454 196
334 926
155 249
999 984
505 108
804 730
400 128
170 534
652 406
191 892
397 237
457 66
24 859
574 439
11 631
172 132
766 671
54 523
145 749
681 307
573 229
369 530
306 312
144 419
165 627
22 452
944 698
671 825
837 65
204 280
895 351
970 866
244 67
326 111
475 989
980 558
140 661
215 307
148 248
3 663
888 197
628 143
3 804
171 326
591 426
339 912
182 629
836 451
132 458
407 769
113 981
275 66
268 777
820 238
664 274
617 470
275 482
768 23
57 879
829 729
77 596
601 874
144 549
53 411
860 797
216 613
316 416
761 620
498 634
195 934
70 822
456 870
514 330
222 768
308 189
443 799
579 588
412 701
70 833
571 876
554 882
937 10
648 499
238 58
210 572
744 540
468 132
876 9
986 761
610 189
224 480
614 669
338 408
946 91
529 65
624 65
936 93
776 486
226 293
615 829
409 136
672 695
247 665
343 606
823 464
187 434
776 629
170 812
45 944
413 652
32 709
76 913
224 189
921 201
44 360
300 770
55 104
662 48
97 274
816 352
998 120
374 806
345 776
872 535
303 523
283 786
693 535
683 104
354 953
885 587
729 469
585 263
489 378
383 786
918 635
189 873
7 824
944 226
181 197
371 747
214 375
441 985
354 522
116 605
198 667
741 255
81 958
290 545
312 985
129 741
254 484
920 664
526 916
215 633
881 69
494 432
445 244
319 527
568 121
145 216
520 508
922 560
502 576
964 839
986 881
717 569
518 554
143 292
601 96
144 815
880 25
368 205
790 801
294 677
286 853
884 608
60 98
109 747
148 653
978 87
939 958
944 612
373 150
581 337
448 883
178 420
737 947
865 230
849 665
645 736
704 164
482 558
728 810
527 716
510 96
922 360
384 221
690 346
324 236
658 764
73 420
755 640
944 465
600 403
720 680
262 185
266 180
450 441
512 676
984 865
202 994
81 243
548 433
842 722
370 211
722 380
730 256
745 37
352 929
509 764
261 145
428 390
211 878
250 39
110 96
592 815
886 641
647 349
686 765
636 440
13 641
837 895
15 471
330 519
39 493
359 912
621 317
753 205
146 501
590 456
687 566
530 271
750 146
143 288
919 387
314 174
902 599
429 755
691 288
587 467
550 165
364 968
536 563
518 647
778 209
961 58
140 505
982 336
218 517
992 720
184 397
922 647
308 566
184 636
688 956
839 210
914 434
553 114
611 108
754 693
978 513
349 925
135 596
546 142
711 840
643 1
239 736
387 351
745 683
852 393
391 383
13 265
839 637
520 931
595 489
353 982
294 717
335 162
33 976
250 598
364 207
858 361
480 479
953 528
607 647
787 537
879 263
292 473
903 23
410 600
324 486
988 925
996 432
176 181
216 834
432 783
217 559
555 499
883 30
43 167
650 389
30 419
203 989
846 819
519 229
613 26
924 603
660 105
52 270
401 498
403 92
719 858
800 728
582 926
787 450
259 65
282 646
707 379
877 951
320 492
372 989
846 765
575 257
117 887
319 583
726 596
514 799
986 960
271 480
402 273
278 388
766 851
434 190
143 730
239 945
38 260
222 33
64 143
523 904
908 922
819 17
429 778
47 431
801 671
442 355
667 242
729 429
785 131
415 472
127 962
224 291
81 750
871 451
853 596
13 301
383 293
847 106
261 883
67 572
799 247
750 867
550 623
755 715
557 281
222 524
194 681
193 794
841 918
617 288
276 455
386 387
817 109
432 205
6 235
244 354
103 961
547 981
642 995
720 527
591 260
752 944
773 428
910 302
498 36
869 51
281 570
643 944
453 796
863 533
534 543
849 79
229 805
44 351
521 317
960 843
141 264
191 249
947 631
985 296
346 882
705 697
412 105
160 242
273 821
939 376
152 598
35 847
538 104
734 826
647 984
212 317
564 181
252 590
130 760
80 615
681 227
165 978
779 858
134 983
698 841
411 382
250 202
801 714
770 955
735 961
918 355
577 419
830 943
528 745
35 395
787 632
15 218
830 574
634 423
706 632
871 406
760 2
309 857
213 23
365 353
957 681
830 649
801 901
453 154
127 887
262 432
429 417
837 36
750 895
326 555
166 896
685 240
23 521
120 110
927 55
185 950
297 36
270 761
315 325
453 589
550 885
111 929
775 16
103 573
731 528
538 660
43 350
426 362
357 434
432 983
949 862
399 189
648 743
955 485
157 123
717 99
26 950
172 920
468 519
660 901
163 679
413 779
830 301
8 356
742 521
907 548
603 245
977 920
854 38
948 47
731 681
308 398
773 68
728 465
368 148
325 589
531 110
145 223
222 479
428 371
153 756
155 386
122 211
766 792
86 382
877 161
650 310
754 428
520 76
5 652
875 384
783 445
758 410
420 181
520 219
230 548
66 541
31 541
468 153
549 80
595 964
493 403
773 536
499 517
248 259
889 743
572 134
362 708
500 153
28 624
842 140
36 91
20 576
438 851
918 105
619 50
359 247
135 372
2 966
168 482
780 217
945 680
555 859
921 85
445 523
483 836
538 390
197 778
589 568
112 798
99 820
225 465
577 868
181 214
620 702
876 720
394 347
538 889
98 816
872 643
335 525
746 228
603 277
287 686
42 751
498 29
101 64
963 125
103 694
345 438
921 238
312 297
845 65
494 17
320 884
416 327
859 173
570 168
57 91
539 811
134 305
462 930
265 38
837 894
274 172
597 450
177 867
401 311
679 220
826 624
591 816
668 275
943 855
9 954
468 761
450 796
605 968
252 656
380 477
460 895
60 451
155 497
329 550
549 204
369 805
633 624
705 899
743 719
869 912
305 573
450 574
292 269
882 541
633 737
923 101
156 844
696 297
805 73
518 934
334 563
409 408
705 552
14 705
498 230
883 790
439 332
611 775
524 511
505 432
838 18
62 837
771 87
754 773
370 846
991 560
261 909
903 594
942 12
810 97
488 669
766 752
838 173
417 647
137 768
935 51
667 932
589 864
567 135
183 158
172 397
712 874
234 210
769 229
534 423
495 9
421 554
448 995
121 572
577 652
718 51
974 89
572 975
622 463
860 320
879 484
293 961
205 505
441 54
295 183
902 101
422 56
543 517
696 572
220 598
441 935
349 886
722 496
357 408
288 7
896 556
329 902
73 876
223 294
460 84
876 997
857 408
401 280
345 172
290 759
347 458
845 327
973 274
561 656
328 229
295 919
342 195
649 53
647 614
389 882
125 674
790 710
921 917
441 611
133 381
407 370
283 128
468 908
839 399
294 768
387 254
61 11
62 316
890 165
986 624
213 83
628 785
238 733
755 643
593 946
465 787
487 134
75 768
495 651
991 374
795 11
923 254
282 234
411 258
88 181
329 141
40 56
314 571
455 506
499 765
390 636
463 94
466 270
193 590
732 533
235 215
844 939
80 952
83 107
232 879
912 11
362 222
554 720
447 603
444 739
774 560
281 253
72 214
662 133
77 347
462 431
534 507
15 549
558 325
82 386
578 779
102 833
488 181
125 32
825 882
651 114
907 55
85 515
272 852
989 761
875 635
997 222
858 180
932 847
830 310
271 176
441 669
596 855
578 422
31 338
910 281
913 459
769 943
610 631
826 552
259 745
652 628
623 638
179 446
492 207
312 797
41 417
464 552
818 731
670 520
588 945
237 285
511 962
425 915
890 185
946 375
88 115
420 146
413 211
465 895
835 873
197 320
749 275
566 971
878 969
607 245
221 346
370 948
297 378
136 696
528 746
184 676
336 891
586 256
670 964
140 119
359 125
141 266
568 522
398 651
934 585
279 412
407 715
232 172
340 670
89 922
779 601
604 338
514 70
788 537
516 520
276 373
29 995
742 480
999 275
927 54
15 904
474 682
20 882
243 107
675 54
343 412
659 404
680 384
632 121
615 336
428 382
565 587
667 36
695 216
590 54
383 796
977 467
318 341
197 728
881 575
272 801
38 596
775 305
588 709
169 532
9 12
122 911
506 302
158 495
722 489
886 776
220 828
259 692
961 306
32 490
288 68
573 146
981 556
520 367
424 644
908 750
1000 343
145 388
249 354
639 533
660 570
865 568
421 458
403 595
61 51
557 974
943 85
891 780
340 254
584 884
916 787
259 112
723 567
335 261
852 145
389 765
411 349
841 384
542 434
974 740
207 255
672 358
895 162
705 464
316 325
619 164
549 177
399 830
491 809
59 173
352 401
456 333
272 306
898 26
885 154
101 395
391 59
324 238
736 230
336 532
119 827
525 362
54 898
21 59
958 756
101 365
543 90
33 645
422 561
337 15
964 188
474 416
607 976
712 488
216 791
646 115
264 653
872 418
122 705
927 454
700 973
116 691
147 951
262 763
821 24
75 330
937 635
946 763
229 973
160 204
930 416
274 24
60 621
21 977
886 929
924 134
891 93
640 757
470 344
678 925
237 451
682 80
442 925
463 513
355 136
752 276
532 434
243 645
923 551
855 732
614 889
373 933
446 563
567 685
179 148
463 603
653 900
156 764
201 989
167 638
847 370
905 691
13 438
732 562
274 930
477 169
577 283
905 796
550 758
257 893
63 641
745 570
463 411
528 464
785 455
953 677
382 73
384 376
98 512
82 502
103 273
430 963
664 607
556 405
867 165
336 752
408 942
364 969
604 393
54 110
309 340
458 958
438 376
794 704
155 882
210 507
957 188
508 244
501 958
927 957
932 965
39 173
186 739
774 32
647 306
501 798
617 221
191 118
323 326
654 68
808 934
812 830
472 213
252 471
180 116
61 695
762 548
100 131
301 937
499 488
753 239
535 915
693 423
540 779
961 506
579 823
838 544
535 512
347 747
516 612
354 133
887 493
832 266
565 281
352 942
979 958
30 799
895 951
745 133
566 814
83 671
433 508
363 127
951 534
421 275
518 899
706 739
545 551
503 699
752 109
684 770
666 277
294 626
245 480
946 5
857 742
473 749
93 44
75 609
828 33
975 178
762 301
547 411
552 35
689 347
116 482
335 128
533 127
453 309
720 852
280 789
957 613
67 719
577 946
182 63
663 548
979 755
618 81
287 720
536 356
793 379
379 444
387 490
713 396
487 777
436 813
349 808
208 196
778 112
472 627
711 722
199 510
401 579
402 796
294 278
774 12
598 494
146 652
816 473
419 791
846 914
80 29
668 438
635 845
781 881
317 305
246 729
817 777
161 301
843 777
346 739
822 861
383 404
46 851
543 884
753 100
661 729
995 35
248 668
284 220
565 381
144 951
327 158
511 973
833 61
933 258
236 84
418 294
916 888
799 657
892 655
567 661
201 772
19 631
650 242
228 474
491 191
442 393
979 226
473 713
311 249
538 175
187 439
827 825
581 267
880 956
754 989
352 391
707 701
615 28
345 924
241 787
504 271
453 442
880 666
718 334
764 78
983 894
569 542
508 350
664 782
537 56
993 974
243 27
983 300
105 30
620 747
57 355
516 958
815 634
157 853
46 933
820 568
108 890
436 769
423 5
492 616
312 254
901 9
320 665
411 754
315 122
806 320
509 567
976 52
834 910
214 84
198 602
384 569
706 244
264 95
639 822
930 524
787 109
152 45
916 591
818 621
218 445
274 507
95 81
758 307
47 146
179 10
677 311
700 760
424 419
579 557
820 257
71 377
937 107
22 839
390 795
363 71
952 616
611 237
938 583
500 372
249 44
343 910
805 181
404 626
176 753
283 841
785 329
970 760
898 104
406 179
999 80
893 717
912 84
624 334
219 930
625 667
348 70
451 343
568 773
103 359
827 16
846 364
478 848
817 90
47 224
675 68
67 559
426 554
851 263
779 482
963 321
121 550
603 742
153 18
510 464
811 917
629 902
419 316
580 222
855 452
414 59
486 425
694 66
989 542
135 356
651 103
290 271
467 905
600 978
217 754
249 265
650 206
526 597
4 839
242 246
502 780
754 157
773 21
152 609
706 216
356 449
388 639
624 625
61 884
482 427
49 852
239 20
549 655
142 239
346 586
661 785
421 28
538 861
613 520
381 173
709 969
888 944
985 177
71 204
574 189
188 488
49 566
598 846
149 597
30 137
623 720
810 285
61 199
174 926
505 453
199 697
331 577
944 948
248 289
507 324
521 515
884 758
743 141
284 795
732 930
737 988
579 277
130 293
706 977
72 674
876 385
128 975
182 310
681 757
296 661
550 977
257 30
811 723
568 72
908 283
290 222
55 450
920 122
849 309
497 915
439 976
33 273
974 744
306 807
788 423
534 647
186 369
854 672
773 454
284 309
512 631
626 146
441 790
773 622
212 983
217 895
590 440
562 893
7 688
415 867
538 306
255 608
570 940
536 884
187 768
422 105
425 155
228 296
716 69
683 788
992 903
207 626
209 653
853 172
981 103
892 390
274 451
313 671
425 949
243 986
653 35
888 728
329 337
937 18
832 360
904 933
279 335
321 789
586 267
120 261
683 962
753 810
684 876
973 805
45 678
463 171
28 404
876 176
911 595
314 569
316 415
10 734
706 531
945 489
770 244
992 844
280 632
761 1
301 478
913 740
718 593
480 15
813 323
780 12
257 201
119 845
245 690
263 55
619 397
68 157
72 216
491 542
295 486
602 812
599 564
232 414
33 723
769 199
599 905
561 101
210 333
506 852
639 965
949 982
897 187
29 824
949 839
756 375
99 556
608 838
806 547
116 581
212 900
727 39
195 366
897 502
699 590
904 438
725 706
510 932
172 279
743 930
156 242
380 400
255 516
205 739
991 144
846 685
351 113
246 329
943 349
35 880
515 570
146 75
899 627
472 37
146 218
972 338
187 522
39 613
478 31
544 73
213 850
485 989
725 247
321 753
53 810
511 34
406 74
230 457
383 484
205 964
520 768
408 538
226 289
926 956
31 856
396 459
895 25
58 742
793 72
79 76
469 892
440 794
535 201
510 291
685 348
7 368
262 261
451 378
28 69
327 535
560 906
978 121
958 727
486 160
399 619
659 528
14 16
586 965
665 35
310 205
525 550
34 3
720 494
128 499
385 452
547 720
462 581
838 828
281 623
582 842
986 67
324 622
473 428
453 910
475 714
848 96
460 158
996 56
851 791
418 85
972 524
994 713
743 966
998 885
639 817
251 208
41 28
403 375
117 519
601 842
549 746
365 313
459 956
463 988
598 169
916 859
450 729
490 538
880 398
958 289
942 682
437 894
316 97
814 480
744 636
430 489
714 156
291 933
109 598
292 458
982 901
287 305
383 408
900 664
64 229
990 70
818 1
432 332
305 978
73 78
791 214
336 1000
300 851
616 852
908 18
802 525
602 779
552 508
970 855
590 596
737 32
793 962
831 874
279 127
651 496
136 759
234 106
788 575
239 287
59 909
139 53
103 380
896 360
551 744
36 395
590 886
721 645
234 268
162 481
695 137
73 650
224 810
722 233
372 402
284 770
871 968
784 460
312 445
793 306
3 516
210 420
104 959
896 37
91 171
707 101
711 661
488 429
151 674
599 32
160 863
570 806
365 106
882 84
919 697
725 762
412 61
621 313
802 373
700 968
170 507
568 170
787 136
865 888
611 332
399 248
642 336
407 363
725 476
127 406
735 215
558 692
248 725
514 678
914 140
787 870
865 602
517 305
179 150
443 644
682 259
848 551
887 734
606 784
861 831
365 720
600 218
973 913
923 132
174 14
305 877
642 292
438 899
990 364
921 363
771 150
5 784
384 692
213 733
743 183
349 493
577 571
162 291
367 366
741 669
387 910
211 722
695 124
73 725
850 7
409 763
637 461
836 925
833 856
195 87
87 93
16 578
769 388
168 797
133 789
730 883
358 528
755 220
4 518
846 773
280 358
462 530
122 739
565 931
308 188
806 407
441 789
886 737
355 891
946 778
90 500
355 968
731 357
644 340
459 102
96 828
151 932
209 627
271 383
511 858
538 108
868 281
621 63
515 622
327 180
866 294
260 883
423 737
62 291
302 274
341 360
469 291
550 84
685 670
279 38
726 885
35 514
572 363
149 534
334 530
88 184
362 315
839 831
767 787
992 990
576 157
192 150
107 5
934 544
387 703
858 938
179 513
698 531
456 410
442 213
922 91
172 334
598 780
191 978
451 385
159 80
400 562
738 387
760 183
558 110
872 573
158 792
984 575
842 421
449 796
574 12
810 903
91 364
558 473
803 466
570 299
861 376
225 542
172 78
357 9
341 660
158 58
286 15
290 82
132 657
24 58
279 942
284 628
872 311
710 444
859 968
567 315
608 328
114 129
332 840
467 979
29 936
419 648
276 775
392 284
237 214
792 221
649 372
722 610
160 135
273 664
130 803
631 315
525 516
856 575
14 209
752 624
513 566
553 609
352 878
367 661
479 79
65 143
1000 382
892 308
52 947
928 563
808 561
728 235
646 389
886 798
333 950
412 267
490 551
491 258
532 628
274 292
701 139
448 479
212 424
947 55
201 697
813 994
411 140
359 408
810 404
939 824
240 901
248 619
514 432
53 858
666 673
420 115
168 236
500 469
636 518
636 757
589 861
457 242
75 527
793 872
524 968
887 932
170 665
931 982
435 647
183 61
332 412
797 801
853 997
840 284
698 934
922 302
63 552
390 264
543 210
768 107
747 113
609 434
441 288
785 963
162 787
848 766
335 900
46 713
840 250
756 438
903 91
154 630
621 784
712 52
332 52
324 314
290 118
437 197
362 619
632 235
249 7
707 251
122 680
907 378
546 22
632 457
686 746
811 119
124 236
12 944
899 728
398 325
9 898
47 958
79 975
96 996
743 854
571 929
313 613
728 324
677 309
2 495
40 838
352 616
481 308
582 872
83 744
890 216
122 78
37 39
925 76
167 215
776 169
642 287
155 164
585 575
841 389
454 353
224 385
403 818
433 139
112 342
404 636
74 372
170 890
282 80
671 734
606 929
241 979
610 444
519 538
466 395
33 975
286 395
403 414
19 992
224 94
222 569
858 880
832 797
600 489
286 282
15 888
72 130
258 747
940 787
581 15
841 850
950 220
589 564
39 409
411 891
578 775
577 888
154 987
266 177
656 361
932 718
292 621
530 399
738 685
390 22
284 525
637 409
181 179
20 119
617 85
746 371
16 758
661 234
833 669
149 582
266 354
295 595
556 903
25 761
649 650
769 714
498 842
263 736
498 989
838 571
939 292
108 284
683 810
192 719
84 469
467 455
123 441
70 736
342 901
680 564
91 647
5 347
759 204
83 535
302 503
116 102
568 393
491 458
347 942
451 308
904 907
300 748
118 111
452 567
148 840
476 429
424 16
669 518
212 87
947 156
413 986
478 502
438 82
141 254
61 423
712 545
448 653
162 606
845 763
227 784
818 181
124 940
909 842
71 675
936 824
867 704
482 702
965 179
948 903
555 699
794 301
44 188
928 983
603 599
418 9
572 746
297 924
944 65
695 236
182 87
148 81
591 303
258 529
817 294
674 425
363 1000
34 72
261 575
440 271
739 661
719 651
779 238
416 264
167 117
495 344
759 767
831 210
526 644
820 865
512 82
553 874
254 721
937 715
494 160
915 540
123 246
687 254
747 976
4 805
795 594
782 332
696 909
569 129
869 734
707 271
434 345
877 67
273 989
937 374
722 900
227 402
778 622
726 936
985 98
144 590
398 887
626 340
592 332
496 113
351 829
423 736
27 155
925 638
888 949
105 963
308 608
667 427
890 16
532 695
594 748
757 800
466 379
957 525
736 613
135 951
728 969
321 565
770 242
700 119
496 573
173 145
453 161
71 758
718 599
10 574
841 484
659 935
288 920
332 645
663 323
22 329
390 301
893 868
483 640
319 494
519 401
637 464
231 547
315 524
725 893
615 441
301 561
108 785
659 611
346 170
52 527
643 951
698 438
534 528
883 747
298 984
673 252
67 157
259 837
815 578
483 173
838 865
15 10
399 223
661 516
60 673
332 446
8 476
854 31
933 900
402 76
781 592
923 995
711 275
217 123
95 126
43 723
268 756
400 452
255 356
772 36
334 845
795 205
685 407
925 578
232 70
900 384
781 131
286 867
469 439
273 372
132 364
577 422
473 348
897 575
255 43
679 693
59 276
540 349
779 575
246 582
948 682
735 738
149 779
634 275
598 641
672 572
716 325
99 310
236 539
600 270
534 1
741 579
274 48
250 762
822 268
699 314
93 832
702 886
172 381
25 160
279 751
162 475
348 306
758 717
135 492
214 431
324 315
931 277
935 325
64 872
162 189
863 999
494 126
958 905
871 644
285 33
551 778
318 443
104 99
169 815
995 277
229 981
782 405
488 337
130 901
683 176
665 989
53 328
152 951
854 170
549 744
91 698
98 617
902 764
718 478
503 425
51 216
235 855
588 977
809 900
94 158
761 387
232 591
9 716
304 716
568 349
877 301
273 199
679 635
187 665
614 800
355 479
302 186
819 76
224 386
496 359
800 431
326 223
681 508
149 702
921 397
614 514
170 891
923 299
266 634
288 738
220 229
943 917
729 537
73 477
535 239
954 240
24 717
797 772
196 413
605 103
861 413
537 511
702 899
358 441
316 883
978 850
42 950
43 403
360 626
742 19
804 995
585 340
344 659
402 558
70 598
820 616
355 565
82 729
673 858
34 916
806 542
369 259
890 871
545 256
194 174
380 133
612 296
65 955
906 339
907 758
506 735
787 428
29 690
152 757
27 483
389 136
255 585
21 989
985 404
714 762
531 32
416 659
30 222
387 137
479 279
840 955
472 416
683 971
302 359
342 612
255 397
41 159
539 136
190 511
779 921
16 331
198 103
515 931
74 81
348 656
59 495
230 340
692 585
72 626
348 775
282 437
483 406
935 888
844 787
629 35
469 818
534 94
754 992
757 399
336 613
903 367
500 920
140 793
107 726
609 392
148 380
575 675
519 287
116 168
618 214
285 718
638 237
769 248
642 870
92 209
298 560
686 359
934 921
873 444
102 862
10 117
147 429
132 703
336 274
465 178
600 659
696 594
508 240
665 345
831 332
959 411
7 894
162 229
368 530
294 494
157 62
380 169
95 726
276 988
445 995
742 635
311 352
30 327
859 317
129 694
60 670
649 431
65 816
144 673
125 716
643 649
860 641
204 221
385 861
705 832
47 881
969 987
123 891
181 763
40 993
701 979
167 440
914 472
341 389
948 147
492 119
331 179
848 999
706 477
804 626
17 96
329 342
790 549
169 445
334 993
207 413
28 352
529 461
623 753
37 254
738 93
957 445
559 89
487 18
434 922
257 947
844 593
718 158
88 297
197 393
382 143
753 521
774 779
348 960
61 458
672 529
314 26
287 152
220 173
718 596
663 493
473 401
728 744
50 812
215 490
399 739
241 967
367 287
633 173
104 573
16 85
487 726
879 688
326 592
383 513
921 16
7 47
984 944
237 656
595 854
662 956
764 615
871 957
712 26
286 13
180 528
988 895
916 140
864 181
828 976
945 660
837 654
354 433
275 871
518 219
993 640
119 985
441 618
545 351
945 741
384 568
518 106
684 134
29 87
342 6
237 212
73 819
989 869
665 599
481 866
148 388
216 497
513 667
86 761
260 428
742 758
191 372
860 663
347 602
373 726
325 699
178 996
396 733
734 689
695 853
956 127
368 506
598 128
47 250
731 609
898 590
365 483
256 825
776 32
852 779
545 997
227 460
648 804
562 672
869 804
175 151
925 904
535 375
439 258
277 611
637 877
966 17
948 516
453 98
793 765
188 241
211 80
28 618
361 707
568 527
643 95
296 818
870 844
227 986
486 69
166 811
757 276
90 677
876 452
439 198
305 304
137 940
335 785
504 275
470 568
253 168
914 952
429 707
441 294
231 753
940 945
145 847
590 904
765 190
33 365
361 168
241 450
339 736
573 823
523 78
82 754
499 860
86 746
622 392
569 764
111 141
721 969
439 650
815 771
651 994
998 447
195 446
473 256
436 956
661 325
612 309
9 166
717 327
801 66
731 385
199 367
672 370
608 436
518 481
460 153
902 832
143 420
130 773
863 277
830 422
134 617
851 905
216 380
74 614
919 628
665 845
995 242
526 782
164 587
166 169
272 992
830 128
289 385
587 445
697 717
679 485
22 1000
813 947
482 229
190 690
795 89
192 50
294 429
946 231
322 653
931 521
986 676
75 975
370 981
459 620
491 159
497 855
5 825
154 101
926 927
84 998
988 817
202 297
758 866
476 427
11 773
340 703
24 696
496 981
323 644
89 874
509 177
408 134
76 496
67 651
743 309
344 872
846 483
29 731
910 892
430 650
859 788
396 558
751 290
827 498
314 163
703 655
336 311
266 14
214 456
196 195
169 757
676 757
786 603
916 68
121 772
107 809
310 974
427 174
732 625
530 725
57 93
132 393
722 409
763 423
281 869
964 494
380 245
218 200
555 59
593 396
556 784
393 204
488 334
56 18
755 400
479 112
941 859
711 325
215 538
240 366
900 148
313 534
528 875
804 968
754 379
661 797
921 812
575 379
722 989
784 532
433 634
491 460
588 551
98 102
101 901
961 172
389 9
304 745
984 123
508 905
882 614
725 172
695 518
89 650
507 663
805 196
884 579
302 70
567 590
561 515
953 974
1 425
514 264
554 599
847 494
787 410
528 442
656 139
382 227
166 736
7 292
250 593
288 894
59 61
728 700
158 803
626 235
694 401
895 304
953 537
659 819
410 560
72 15
741 747
337 221
361 215
113 630
292 643
910 340
224 713
870 336
987 212
66 18
722 347
842 284
987 69
334 431
284 305
391 623
416 377
548 690
364 615
56 208
536 90
510 829
976 97
426 78
255 927
752 599
398 91
436 138
994 652
727 587
192 702
88 895
344 489
470 377
643 537
188 923
96 942
388 420
501 349
198 279
731 678
522 617
984 168
587 69
255 467
681 136
259 62
922 738
740 685
997 678
468 104
877 500
148 878
494 828
780 140
736 615
109 539
60 33
832 10
64 420
83 384
780 298
47 293
70 142
168 599
417 677
254 458
851 116
634 364
50 813
201 175
284 802
606 665
37 642
404 251
872 547
10 286
671 71
162 437
932 689
528 946
186 63
333 188
231 605
327 930
788 464
935 675
737 440
223 733
333 13
268 834
450 363
363 982
944 418
310 775
259 787
313 661
281 515
7 985
952 328
113 892
700 720
673 242
525 881
68 748
345 353
220 935
978 782
802 329
695 694
809 611
203 220
481 978
562 797
618 929
458 224
749 201
125 751
332 951
757 718
406 514
522 811
407 319
925 577
467 528
787 197
330 824
430 719
624 780
575 691
479 366
62 450
246 111
283 19
639 460
680 669
218 708
280 805
203 280
558 610
231 334
786 482
79 810
740 976
175 263
255 213
685 438
925 787
14 562
897 686
92 342
553 220
520 915
978 339
888 516
303 528
182 323
356 890
809 507
991 903
116 424
287 12
415 219
720 821
186 241
760 214
294 750
634 755
267 80
72 248
56 733
970 529
662 187
595 132
120 228
393 650
519 786
698 135
391 768
86 632
902 52
324 293
220 758
457 441
479 603
150 745
399 959
2 92
449 540
68 802
342 321
287 576
950 384
534 579
494 124
186 309
663 805
483 493
509 577
57 64
406 861
940 509
708 865
639 991
608 437
351 435
189 436
885 919
959 176
259 210
769 353
803 924
473 33
668 262
180 216
878 435
556 595
219 659
268 523
783 228
626 267
148 669
939 490
246 472
213 129
144 904
256 774
776 221
729 163
32 829
776 172
155 185
283 364
880 96
780 490
792 918
649 563
524 649
687 207
47 364
914 473
383 388
370 805
10 658
395 852
755 618
849 657
685 299
319 773
675 365
288 851
699 371
718 397
370 519
118 637
197 866
328 239
594 972
167 526
974 170
710 672
529 868
667 767
797 548
211 683
674 273
859 791
883 157
385 282
479 558
778 211
513 6
676 758
746 71
20 114
348 391
256 634
587 830
971 607
204 326
206 652
177 954
489 632
555 173
729 586
601 543
564 405
570 913
592 950
276 937
761 865
942 782
334 52
414 603
695 766
422 70
392 53
356 462
621 454
161 744
18 51
458 314
939 441
977 526
463 527
100 971
677 325
146 143
38 385
874 885
675 892
416 917
662 618
867 184
264 301
856 391
71 344
2 353
554 818
911 634
827 631
352 341
260 584
721 177
62 756
710 192
639 250
605 310
202 507
386 226
652 824
802 698
393 605
719 163
810 653
957 746
944 663
42 156
67 584
927 470
20 722
828 377
997 670
282 341
497 638
788 735
435 881
572 886
707 368
903 254
816 288
779 436
528 244
400 519
827 416
846 508
974 49
265 694
667 731
944 68
485 44
124 764
452 315
733 854
371 909
906 896
820 590
894 347
492 655
826 219
833 717
984 908
200 434
552 935
684 472
873 877
252 126
328 598
682 909
898 452
319 792
623 206
663 504
716 940
959 200
172 750
673 55
655 195
74 556
436 139
938 53
501 427
374 171
216 309
553 666
695 883
791 624
848 842
77 568
649 143
467 484
798 616
87 739
330 916
614 908
106 767
322 464
658 86
531 284
296 174
61 136
611 74
39 973
776 149
62 438
799 699
921 955
880 89
224 477
732 637
537 633
990 189
981 422
505 341
947 362
325 66
109 683
692 788
118 667
472 709
84 799
802 734
861 33
55 238
10 573
746 867
874 188
254 90
515 204
93 968
650 621
390 774
52 430
287 952
695 47
901 956
477 474
888 95
210 183
232 387
691 113
779 33
466 988
929 412
710 635
628 144
646 787
224 726
872 897
6 114
264 621
746 295
436 811
57 507
333 413
669 297
241 374
873 184
690 862
655 912
7 838
115 643
94 730
609 598
78 403
890 669
617 163
800 653
467 91
643 969
147 22
683 56
132 322
380 318
916 706
989 916
829 639
997 441
402 892
373 724
74 723
644 219
746 588
186 679
460 420
823 543
517 484
222 122
304 803
424 92
526 509
89 336
479 837
201 782
442 544
444 246
652 435
396 235
429 870
602 542
788 851
239 691
287 233
304 837
897 685
371 408
80 923
931 986
852 432
314 861
862 742
535 196
525 494
763 879
98 756
989 225
929 963
793 910
477 397
372 229
693 749
949 531
83 24
518 442
884 120
651 169
396 516
680 391
529 854
774 305
498 414
225 574
428 373
637 497
470 792
652 162
792 325
845 196
702 599
171 413
246 883
272 313
926 31
567 283
825 872
399 133
184 43
349 774
81 424
599 938
896 596
109 346
38 990
955 618
170 238
329 839
773 170
9 53
433 993
214 110
470 452
18 189
57 801
683 181
248 992
449 95
494 441
242 430
658 866
911 978
736 996
971 79
38 410
890 373
356 521
412 363
730 282
948 341
963 214
204 965
922 680
852 809
193 380
946 274
514 590
630 595
61 189
890 87
563 39
329 253
314 523
701 909
403 822
779 975
373 236
126 777
923 747
767 412
329 78
457 1
391 81
154 99
309 669
315 257
474 964
426 867
117 152
335 209
275 890
104 620
115 891
505 623
914 779
903 149
337 172
125 415
362 819
41 384
680 468
789 222
25 129
443 414
67 282
323 932
381 230
897 117
717 332
935 661
955 315
154 598
671 175
431 970
608 133
115 439
569 286
586 708
881 732
988 720
310 972
132 509
811 441
263 574
237 777
117 851
388 797
872 56
925 82
104 66
213 352
103 908
716 377
535 791
954 578
593 386
616 61
247 65
888 908
985 409
514 897
187 875
901 251
995 16
268 552
326 370
74 747
700 555
256 884
187 984
677 213
293 220
890 925
886 245
463 812
951 523
681 35
998 352
614 707
814 257
869 890
47 402
443 735
607 202
757 249
729 344
794 484
697 826
917 617
633 948
121 855
33 894
973 749
145 648
737 982
701 883
426 839
408 454
318 841
83 196
930 61
173 421
89 987
736 298
629 209
25 67
686 136
547 194
250 718
896 474
127 644
497 683
837 596
704 423
188 520
102 962
508 301
115 117
150 436
922 405
68 69
698 188
609 367
132 698
603 869
587 844
159 447
94 876
371 829
945 766
730 892
312 205
66 324
525 843
881 329
494 164
665 632
495 351
55 781
942 811
506 353
469 91
273 832
130 971
812 543
48 948
602 455
968 741
420 896
284 247
398 891
592 320
255 771
777 338
446 800
469 302
456 963
561 695
773 678
151 246
177 967
140 357
455 668
525 50
776 357
763 555
781 236
529 83
512 317
644 804
974 551
151 468
196 675
468 328
642 261
364 489
59 381
960 838
624 317
73 9
937 524
598 769
59 91
775 769
758 987
686 164
871 216
799 143
492 959
737 220
595 234
330 399
825 625
382 334
266 970
280 58
907 119
251 529
379 452
90 913
237 542
633 46
992 381
976 914
205 64
338 988
107 703
854 599
809 397
180 62
613 212
302 917
428 432
216 726
858 269
733 603
347 256
773 292
462 627
809 119
930 257
825 45
54 393
973 455
720 181
575 249
152 641
873 985
837 830
142 796
437 672
755 477
762 579
872 159
123 7
166 49
612 193
100 829
235 734
950 913
574 29
334 806
904 105
491 505
806 112
594 796
866 199
633 560
578 243
339 701
503 630
749 378
861 576
952 996
682 309
577 9
320 30
467 225
88 234
495 695
227 737
211 228
598 464
16 406
126 497
861 866
862 453
903 155
331 527
371 490
316 441
474 993
148 610
884 820
547 444
343 705
823 347
755 513
340 925
210 118
417 560
509 170
607 689
705 761
831 717
776 861
210 9
708 280
690 319
270 855
695 50
918 791
689 125
690 654
523 707
552 691
609 294
292 630
135 488
564 750
51 981
512 321
305 453
91 468
76 384
299 227
559 769
985 960
252 193
604 878
682 544
777 972
940 360
601 656
599 933
927 626
450 432
949 214
648 639
497 191
904 457
850 637
869 431
268 848
506 711
986 252
864 656
973 466
579 871
797 763
936 523
894 812
937 289
533 6
144 635
142 26
290 793
772 117
978 862
668 38
373 856
431 151
356 522
270 613
734 291
502 231
78 157
322 537
786 488
127 222
203 262
296 100
259 120
610 856
855 698
175 180
159 473
118 806
391 508
710 218
53 748
474 850
753 581
239 726
103 634
193 526
529 180
359 153
197 78
699 260
723 138
565 752
145 572
115 890
940 889
353 817
228 699
603 977
664 587
2 846
443 288
82 32
992 455
225 488
232 476
766 153
841 806
608 23
774 274
320 943
779 104
881 578
347 170
794 942
77 125
134 12
561 816
588 830
820 539
197 676
328 685
682 516
591 628
812 391
393 975
994 141
220 200
312 161
432 714
911 226
495 763
605 458
671 569
919 695
170 82
281 795
30 766
70 571
218 326
471 536
420 542
599 284
929 880
126 994
587 380
757 644
932 171
902 589
981 76
884 435
161 607
715 144
398 156
290 829
360 160
661 794
993 283
2 176
616 363
190 254
507 586
182 850
803 638
899 870
826 970
373 941
861 904
701 63
739 500
316 3
957 262
118 770
357 714
426 929
959 219
585 943
876 218
288 659
182 495
952 762
862 413
481 166
559 423
541 888
509 368
774 690
366 819
867 630
391 134
287 49
988 194
24 663
245 679
600 458
451 312
452 7
434 566
132 901
923 710
894 127
676 822
860 59
154 568
395 318
159 297
932 751
61 173
449 553
945 876
793 272
479 925
501 885
855 86
604 854
953 218
703 898
212 879
251 963
927 586
860 702
623 91
185 433
246 602
893 851
531 866
792 374
260 436
247 36
289 460
75 511
812 536
894 868
686 998
865 670
39 745
167 436
740 330
613 708
62 346
601 132
108 396
218 636
633 169
759 175
905 356
297 716
216 85
177 818
269 584
562 696
692 779
731 807
291 914
934 492
922 784
575 638
680 962
37 331
40 33
830 520
101 664
227 597
230 372
179 918
311 237
940 547
631 548
762 309
391 341
448 949
927 295
179 519
400 808
708 359
168 276
371 303
11 846
794 411
309 670
770 384
862 554
956 443
775 913
443 360
104 688
642 149
569 522
16 533
471 47
37 993
941 331
64 769
525 908
26 584
185 243
42 684
205 208
462 705
300 497
668 543
299 420
6 498
671 388
106 666
308 158
510 860
403 386
741 192
449 448
627 745
599 682
243 752
905 85
65 784
253 378
40 562
976 366
226 773
339 606
69 713
179 393
145 233
787 198
792 624
744 873
342 966
551 310
347 892
265 545
127 293
952 997
508 198
101 986
541 621
246 157
887 668
139 578
197 536
895 360
889 104
27 777
446 813
969 384
457 244
240 708
68 961
170 787
161 225
452 953
849 571
626 983
600 275
179 656
842 368
362 989
182 96
241 740
718 342
354 989
115 358
534 356
276 92
591 482
189 894
400 43
157 192
470 137
16 640
509 749
439 646
544 962
803 675
18 409
474 247
908 822
321 328
739 910
521 327
119 176
601 945
618 625
394 615
983 299
76 492
704 236
21 964
830 426
498 947
321 559
307 171
74 610
882 781
25 515
999 678
13 965
198 451
697 352
513 819
442 881
593 727
5 353
27 169
869 610
540 567
675 837
583 948
565 345
786 86
951 944
451 623
189 117
83 750
924 456
675 978
144 794
112 110
50 428
527 299
880 99
516 145
169 266
121 1
676 351
418 571
612 484
596 22
525 46
676 174
568 559
970 975
420 661
941 190
852 495
947 469
567 772
399 694
337 459
652 6
67 766
448 620
233 266
895 280
653 428
656 464
90 564
346 474
386 148
686 332
432 143
876 714
346 333
312 469
738 679
388 618
154 596
229 48
391 865
251 728
487 257
54 165
664 153
426 308
642 104
929 203
570 207
733 529
711 426
594 313
136 238
63 14
929 164
164 983
755 374
646 251
155 572
308 86
29 140
895 727
363 590
55 856
683 147
282 728
462 842
484 646
857 164
821 769
4 109
811 375
152 920
262 200
667 340
226 956
879 624
910 507
251 467
613 402
865 595
724 274
1000 602
810 63
71 341
240 991
23 22
168 27
580 832
727 915
563 946
508 875
308 863
791 130
478 395
763 715
984 268
982 811
805 802
902 568
336 971
906 587
463 354
859 748
516 570
387 614
960 666
220 484
719 962
512 748
876 671
107 614
20 819
188 761
872 602
251 631
766 186
180 569
661 54
223 741
134 94
101 25
105 222
177 761
190 321
907 299
506 538
177 586
456 243
189 535
569 664
967 520
659 299
329 908
424 920
830 256
462 900
333 179
507 45
610 758
647 715
669 15
34 518
846 601
768 415
863 510
497 305
122 174
963 556
749 3
786 15
329 456
459 893
832 497
464 981
820 338
921 701
154 276
13 239
683 10
127 145
110 855
776 359
453 396
600 107
670 839
78 249
226 277
836 718
943 874
79 691
993 509
991 542
887 985
157 774
528 422
837 164
451 505
676 230
389 349
483 936
508 948
505 692
183 71
97 258
225 309
577 536
561 435
245 698
854 792
234 173
328 42
220 456
367 395
462 437
301 777
180 622
516 828
385 214
197 688
194 606
553 2
660 295
256 37
242 882
498 456
116 943
501 935
732 622
986 341
683 287
484 7
670 43
232 51
214 359
531 675
834 816
844 604
105 468
597 841
415 297
95 817
406 804
775 485
134 503
601 596
214 65
234 771
327 482
535 857
38 147
792 339
407 458
707 320
122 992
599 342
215 844
459 59
632 769
815 430
598 42
216 276
606 481
991 41
544 466
284 213
442 717
952 283
924 485
283 23
636 959
565 501
677 235
364 154
916 769
939 672
689 979
619 916
891 747
606 146
308 100
139 581
838 449
452 644
288 621
73 201
92 675
996 108
979 237
418 647
441 829
814 25
63 179
681 676
511 409
442 240
28 773
917 385
372 224
484 506
850 358
470 573
401 986
823 123
684 291
644 147
985 804
106 455
713 373
107 546
915 529
352 732
580 227
876 886
698 114
516 935
171 414
834 626
393 872
176 360
184 899
824 452
661 223
15 730
673 801
650 948
656 945
270 401
218 78
381 402
788 214
809 589
631 502
333 271
685 570
851 686
924 173
700 845
568 344
670 345
868 107
255 620
29 167
930 402
270 179
475 627
688 576
701 454
313 509
422 169
835 384
397 357
291 761
904 7
859 589
620 297
910 29
679 480
575 723
179 130
74 468
348 539
460 681
579 677
501 407
930 969
643 128
495 725
259 139
245 62
905 669
945 472
418 568
1 576
329 115
112 333
735 703
370 801
923 289
922 129
927 361
128 589
970 972
992 780
573 289
336 992
212 763
192 324
836 917
99 65
993 150
116 35
82 143
324 208
145 963
6 908
266 809
626 675
328 98
737 282
885 386
667 755
10 210
68 108
987 350
573 741
586 624
422 702
52 399
732 313
223 862
972 744
868 809
342 464
694 869
273 575
912 481
39 16
426 87
584 335
804 598
416 193
186 567
26 768
485 601
640 336
159 792
626 73
536 865
928 219
859 846
17 348
130 917
94 322
811 374
247 864
112 426
86 294
56 373
973 726
153 733
812 852
687 792
523 779
175 116
213 161
787 878
457 375
433 462
931 603
986 530
754 598
442 628
61 222
541 596
140 211
586 367
917 517
790 381
1000 889
473 671
168 171
921 371
979 165
118 691
710 87
362 225
845 756
844 777
930 901
945 700
992 135
828 373
611 639
278 786
587 799
598 875
90 614
733 176
183 147
469 181
455 700
486 352
270 781
841 887
436 573
612 950
177 367
196 157
716 980
617 937
724 651
34 67
487 799
717 510
167 925
99 571
765 466
449 329
677 801
659 298
327 360
845 491
424 921
501 661
459 129
173 915
602 83
843 871
853 899
420 572
493 930
631 220
174 519
85 168
87 526
53 394
240 143
757 614
630 412
958 391
264 239
726 931
393 461
433 520
929 643
126 879
989 642
364 32
274 312
191 653
937 25
98 7
335 342
397 143
225 938
945 407
999 860
516 572
568 650
108 195
770 858
53 846
917 537
836 628
597 769
822 622
808 180
754 159
572 48
349 457
27 589
514 121
577 543
561 434
177 425
510 311
2 820
719 929
477 470
709 155
413 846
430 596
733 773
951 242
977 339
904 189
297 993
137 660
671 352
86 704
881 520
369 380
681 687
449 676
358 564
694 946
661 299
534 555
656 997
606 109
90 33
988 522
293 716
424 629
612 494
207 906
887 183
631 307
561 681
32 473
916 701
462 221
283 200
601 885
692 36
506 499
363 422
424 290
443 526
640 550
950 775
866 194
919 332
743 520
737 128
247 985
363 196
772 178
496 483
973 879
867 244
144 847
18 680
24 789
421 317
630 53
937 259
528 741
767 484
749 665
814 175
132 59
874 506
356 756
396 508
839 936
399 815
582 360
984 709
1 261
129 328
313 572
851 23
689 144
547 270
34 455
185 593
405 92
819 909
340 903
107 660
884 64
777 646
6 816
334 93
228 992
667 368
871 846
33 758
703 657
710 603
806 666
440 351
536 505
285 376
332 868
650 65
744 380
670 4
263 470
37 787
725 85
255 892
77 294
87 685
241 294
955 622
33 265
759 782
548 759
364 676
436 41
807 106
385 765
133 119
996 33
781 651
173 679
271 153
402 24
459 73
756 993
613 824
427 503
85 255
910 448
874 907
583 801
30 931
566 529
787 228
274 497
536 548
498 659
527 238
982 1
565 450
283 498
742 150
341 296
311 384
135 726
373 71
243 179
469 596
952 626
13 202
278 186
743 274
732 742
627 825
896 805
34 49
515 989
161 959
496 749
813 736
575 769
175 407
362 138
235 136
382 201
392 979
221 359
818 137
837 123
895 437
842 259
861 101
555 966
439 179
634 673
853 897
505 627
989 193
662 233
529 474
495 136
650 545
745 357
852 191
949 627
36 444
888 155
814 647
33 658
548 343
987 337
717 328
55 353
258 517
423 509
138 127
690 512
707 145
16 607
846 135
522 217
372 522
444 943
543 365
531 621
323 301
771 51
793 426
146 708
953 44
850 604
52 174
905 2
100 146
670 258
549 595
713 829
255 630
915 89
347 619
220 795
521 242
958 25
549 548
757 641
756 884
764 335
748 964
565 266
957 176
557 918
248 734
869 900
5 151
654 80
179 112
718 903
739 104
853 496
505 98
88 54
210 761
139 575
465 973
266 694
876 213
762 287
810 743
28 680
840 638
362 238
387 686
386 366
542 685
706 807
49 488
432 496
112 584
556 505
719 95
499 440
334 416
15 932
491 556
241 721
920 468
75 716
196 15
592 189
295 663
96 171
422 485
283 548
716 981
453 521
881 561
239 24
422 584
717 858
45 431
877 614
839 555
385 490
707 187
964 298
238 83
494 57
280 367
746 494
697 226
275 52
423 852
462 906
322 105
593 482
479 205
63 258
826 536
905 143
545 240
854 54
969 988
640 684
345 90
312 781
829 312
575 308
467 491
506 79
456 888
710 500
514 643
308 616
635 343
122 398
343 874
904 619
625 285
992 632
311 456
504 834
601 468
575 504
344 811
442 504
60 63
639 133
255 140
97 38
157 772
858 947
658 535
236 559
480 25
486 335
979 49
396 319
901 790
119 839
376 201
965 159
56 350
555 671
793 38
741 696
797 630
634 584
413 845
876 664
76 521
404 112
372 428
517 760
699 781
209 121
928 745
808 913
640 221
403 534
47 734
705 106
436 935
60 859
665 687
155 585
372 753
964 413
489 571
57 159
762 362
371 571
906 274
601 602
802 323
660 869
113 80
76 92
77 757
707 322
930 511
293 301
222 349
224 809
463 605
544 357
563 387
468 837
535 569
60 415
123 377
431 32
389 605
74 303
806 116
312 664
791 768
723 694
522 567
915 620
857 956
285 699
14 363
342 564
308 588
628 889
202 193
814 466
179 217
242 872
791 998
300 579
31 957
982 631
808 118
610 62
222 808
685 432
562 445
983 719
31 834
705 270
63 245
149 787
409 126
288 845
661 166
25 398
617 548
634 650
161 246
283 962
282 130
196 417
841 44
665 291
266 819
574 955
441 303
722 104
617 838
453 560
989 414
775 7
427 925
488 157
215 90
241 507
906 69
450 329
967 684
750 324
42 655
426 238
501 810
800 575
893 324
474 242
527 309
576 424
365 124
11 593
649 415
858 15
507 215
787 641
424 737
167 283
85 254
69 793
416 901
74 609
811 268
43 678
89 100
731 725
201 610
477 661
687 774
448 389
529 364
503 417
387 34
984 102
568 357
580 984
541 590
139 530
801 737
487 194
179 821
438 514
644 873
884 630
316 490
763 435
861 149
387 191
273 404
370 863
444 318
124 786
14 528
813 368
788 289
415 20
609 11
386 314
779 305
706 883
654 723
182 208
864 423
454 197
793 109
319 473
824 789
163 165
720 678
224 949
519 613
457 721
721 780
522 375
480 670
264 603
44 517
301 992
565 691
803 354
148 53
270 448
407 539
973 63
721 46
940 328
787 327
679 222
471 535
262 759
141 459
990 621
649 443
812 673
118 440
218 344
377 626
278 839
195 673
714 659
748 614
423 924
95 920
441 737
209 525
377 739
449 62
912 690
730 217
803 783
253 883
536 914
800 925
868 367
970 475
541 304
332 683
182 854
681 149
957 32
316 168
174 826
732 736
969 658
293 168
596 343
875 232
419 666
387 316
329 109
594 547
97 25
596 53
961 398
279 667
749 76
896 689
71 517
111 552
280 662
577 640
541 997
598 766
931 921
235 260
475 309
59 50
420 936
962 801
183 220
235 673
250 715
783 969
805 513
202 598
332 745
993 801
944 491
443 537
488 823
564 58
306 760
699 115
298 568
559 999
826 848
712 998
477 740
453 520
205 87
225 633
7 225
10 71
507 339
493 348
845 135
907 300
616 618
621 608
894 432
487 878
73 910
517 933
369 295
719 515
99 650
389 50
301 742
533 198
458 535
792 203
617 346
104 163
838 882
94 514
95 879
497 468
460 216
797 247
929 935
195 188
985 504
380 502
132 718
330 783
458 344
792 536
95 218
852 904
633 743
394 36
454 164
807 736
482 53
446 584
469 297
71 165
454 55
994 88
351 949
822 834
969 654
573 20
644 375
242 357
55 695
230 665
835 777
305 822
606 68
170 936
482 902
193 601
840 524
776 584
596 73
300 894
268 156
236 552
46 41
918 34
560 522
118 746
33 910
785 415
421 607
254 92
472 683
638 166
200 24
931 484
353 750
906 844
944 407
543 113
67 328
50 518
18 673
471 186
775 34
221 422
746 158
863 869
572 630
556 147
429 894
294 562
18 762
682 585
795 507
973 118
702 524
281 543
111 230
836 321
341 877
368 645
919 650
355 897
172 569
108 703
365 40
370 108
380 427
96 978
103 823
449 230
435 55
734 697
437 589
222 493
204 840
23 260
613 740
963 961
886 701
691 358
285 521
948 383
491 508
554 210
22 964
812 798
910 183
677 232
768 209
661 975
386 787
867 246
377 102
487 217
54 434
537 942
754 668
347 420
639 299
624 112
993 429
666 381
903 632
151 503
895 2
456 337
553 197
257 768
442 268
903 393
231 954
594 890
685 337
723 98
620 938
144 269
453 285
771 230
64 724
746 976
328 73
491 759
864 11
996 536
172 74
820 750
111 542
56 595
609 313
537 4
884 245
940 71
449 612
282 473
884 834
650 508
742 846
409 554
157 220
158 175
695 348
955 413
155 935
82 637
968 870
792 148
226 592
85 411
693 220
78 648
113 994
898 768
26 811
858 12
734 635
961 269
754 298
218 286
476 782
288 346
104 409
127 487
865 730
977 692
430 282
137 408
614 302
312 693
22 992
166 674
723 597
192 923
544 96
450 607
325 849
348 534
701 22
799 633
377 2
620 458
606 141
202 127
865 277
629 308
226 361
541 766
286 727
301 394
379 982
287 203
970 971
789 162
883 315
12 210
438 220
171 563
689 178
183 136
558 428
905 267
619 334
70 732
881 795
435 907
93 699
519 323
381 31
558 668
121 562
788 288
609 325
737 392
828 545
759 975
137 722
135 459
565 690
996 237
107 912
293 991
257 345
133 806
803 754
197 687
716 657
59 578
977 187
492 576
96 717
939 3
595 741
579 40
962 160
565 965
53 145
207 844
647 739
778 286
781 685
252 311
324 964
915 91
19 142
294 52
556 671
263 875
381 774
611 377
189 179
428 953
658 474
456 862
973 723
922 615
370 355
304 786
545 820
929 597
58 776
938 781
443 697
209 959
487 144
19 586
918 330
666 659
886 126
213 896
197 267
952 528
165 877
512 306
518 803
779 993
675 720
412 922
343 934
61 445
482 594
249 837
842 757
344 623
755 591
646 973
153 58
629 219
900 901
63 517
230 62
697 907
552 338
719 974
847 133
885 498
997 744
154 914
357 137
219 184
770 918
837 256
489 402
570 397
777 557
724 662
581 779
711 844
821 316
505 449
959 386
807 206
871 711
929 68
317 901
518 22
226 536
150 906
618 546
971 350
184 124
312 49
955 793
207 800
189 501
796 259
318 203
754 181
402 94
264 3
491 158
713 936
143 277
863 506
170 341
265 703
673 298
530 245
168 203
386 669
356 719
910 216
127 268
942 745
615 857
265 921
586 319
325 809
644 915
242 139
272 68
279 168
338 420
653 987
47 444
875 215
328 402
329 191
644 802
596 48
244 782
549 235
328 481
808 43
206 454
432 271
626 200
657 314
785 269
578 266
633 203
941 130
96 107
439 245
520 733
225 329
29 633
837 450
141 587
492 949
989 31
93 882
387 983
82 485
907 28
451 168
606 528
591 356
962 548
12 591
389 371
394 155
162 175
133 894
673 793
677 881
218 118
879 127
630 819
783 73
206 719
209 281
851 662
126 900
266 288
273 516
806 430
848 225
954 661
569 131
332 33
133 16
623 304
976 468
722 744
688 600
97 642
507 186
627 669
520 353
522 723
616 138
540 772
288 165
640 650
515 550
643 637
19 311
867 27
215 754
428 897
251 302
536 634
22 965
459 797
252 972
827 726
703 279
296 142
335 311
248 391
523 933
856 70
992 518
240 795
421 314
259 147
689 602
102 497
563 65
175 271
436 317
187 341
251 188
596 255
192 205
357 525
70 226
1 489
992 868
790 171
439 59
615 898
317 603
799 331
322 402
129 333
248 67
343 332
3 453
553 733
84 593
751 416
399 639
715 854
954 130
978 15
610 918
405 202
558 256
286 199
298 753
798 162
945 862
470 787
306 784
920 44
851 266
67 69
893 209
859 669
949 175
521 884
932 947
755 240
204 346
464 55
925 214
11 442
621 551
471 800
602 306
683 396
834 784
983 433
640 473
53 188
346 950
38 800
989 832
104 746
88 737
530 392
638 633
310 692
652 955
872 225
781 537
586 167
657 523
877 112
186 503
204 798
846 661
635 66
578 949
679 271
458 145
222 462
723 743
333 847
173 762
619 598
517 449
593 603
196 956
984 110
805 70
170 643
978 634
463 198
339 972
175 178
108 247
992 546
396 958
683 647
633 816
774 202
122 311
823 407
515 990
398 710
883 696
975 200
447 931
668 684
309 910
112 464
679 800
3 259
618 472
689 800
970 170
28 758
53 726
554 666
629 198
173 96
391 41
15 845
931 76
913 553
817 85
182 65
992 477
580 188
87 42
508 375
695 157
73 694
661 29
93 555
607 966
422 690
11 329
87 34
72 329
56 846
746 542
440 493
49 710
264 699
797 463
447 170
485 355
252 82
897 331
932 806
429 228
437 434
557 463
873 778
69 985
587 532
698 62
4 820
441 886
133 104
7 579
381 293
971 258
807 920
920 708
886 947
62 209
155 337
411 971
204 770
251 377
17 481
808 90
336 359
302 258
527 207
730 505
762 228
865 598
773 843
336 843
726 869
639 396
297 275
762 57
815 49
250 277
36 904
883 743
496 701
353 4
532 900
511 383
22 94
425 512
129 629
417 656
33 152
185 684
934 643
353 998
228 758
619 15
638 313
516 551
794 385
957 595
706 853
725 311
183 239
901 832
979 884
29 517
939 155
292 549
258 629
620 657
272 697
720 531
298 713
650 290
797 689
693 448
845 133
901 755
66 300
134 412
162 251
974 800
759 752
708 561
232 107
285 255
233 694
215 866
617 549
726 362
913 511
99 362
322 151
87 405
218 292
809 671
955 905
192 695
247 211
583 853
126 768
768 404
651 636
375 271
271 496
699 475
848 977
703 477
744 642
47 89
640 973
311 596
689 684
853 401
940 274
286 882
831 718
587 205
734 396
75 817
810 420
98 498
80 649
634 32
853 258
286 669
469 521
953 896
590 733
174 54
505 349
254 352
602 424
438 891
760 485
360 217
541 854
766 287
178 284
791 651
990 455
98 583
724 247
220 86
348 3
371 162
119 832
889 801
64 620
382 486
989 262
702 475
334 69
119 753
194 552
375 565
505 921
860 21
880 763
774 333
388 664
387 871
318 729
101 215
614 916
486 403
328 781
440 327
479 622
546 477
945 642
803 316
769 508
219 421
168 997
873 160
17 988
532 85
998 153
367 842
61 523
861 574
800 645
727 58
678 666
937 556
721 133
707 438
123 175
160 147
472 869
473 460
825 167
75 256
557 680
525 575
617 453
601 968
178 964
530 308
986 146
437 730
579 769
818 635
212 734
393 412
765 566
90 919
273 950
40 967
923 466
484 554
804 521
677 261
617 566
189 107
297 229
455 744
442 697
210 557
61 140
183 738
80 885
898 625
945 439
691 183
982 906
128 759
516 330
6 744
580 645
282 64
176 707
999 205
582 63
965 973
865 233
828 475
645 763
79 83
899 245
266 988
36 166
756 266
865 90
404 834
576 403
997 589
966 696
897 839
257 32
349 346
943 728
893 797
414 398
400 552
111 832
186 277
849 479
81 885
177 346
859 770
987 329
715 806
384 92
6 199
903 79
284 573
751 129
561 781
428 508
219 480
509 743
996 195
573 958
630 796
575 181
190 237
82 522
713 692
825 82
95 784
42 428
906 309
413 259
142 963
894 742
510 973
773 35
541 7
138 618
433 874
677 455
270 39
327 82
650 55
223 13
406 551
243 835
249 386
895 543
252 755
469 734
991 8
282 992
952 792
739 112
662 807
649 856
118 31
834 324
643 374
737 631
57 741
353 142
482 874
430 506
556 479
144 175
491 248
945 467
948 647
404 512
26 62
121 244
451 551
898 122
330 360
283 562
983 605
108 623
936 840
761 747
884 902
900 931
665 565
923 578
407 621
547 302
642 230
828 733
41 968
300 501
393 685
289 780
42 588
404 43
979 697
603 357
676 767
383 801
370 192
741 479
399 225
826 191
887 210
9 383
212 850
251 828
158 280
492 578
746 872
742 586
674 234
750 65
532 252
223 323
423 829
172 515
846 583
939 291
407 265
787 151
679 349
276 656
687 694
892 368
22 751
970 454
441 524
501 240
946 351
929 619
490 611
456 943
458 5
645 383
979 477
265 611
822 869
628 956
347 863
574 318
299 844
454 801
892 709
786 342
454 488
365 707
519 844
352 366
758 186
537 473
952 378
951 289
952 641
673 758
610 485
349 79
761 119
357 580
806 239
606 905
510 34
477 299
7 286
444 404
361 274
166 873
687 441
324 49
969 188
571 208
645 981
943 656
286 141
713 167
112 810
385 204
168 748
133 614
263 231
637 448
96 286
579 347
157 273
927 797
223 624
869 14
997 89
195 467
124 475
52 360
806 561
953 227
256 381
468 975
909 671
263 538
492 422
342 96
327 500
705 684
834 968
337 544
449 110
13 549
155 40
735 280
22 733
687 741
230 848
526 861
860 779
19 285
331 223
743 658
321 965
731 798
9 672
249 299
307 256
990 904
779 720
995 786
822 833
236 502
386 957
939 715
581 486
377 56
197 493
144 247
784 658
205 978
644 985
447 917
377 169
70 132
589 940
296 833
488 745
654 620
496 952
651 422
300 776
213 854
96 109
564 622
79 156
121 398
598 904
103 298
196 472
200 27
789 173
148 283
521 775
214 291
126 399
581 971
289 88
642 833
625 959
242 797
120 321
138 416
191 881
710 624
38 713
21 501
759 945
989 600
792 12
612 693
115 375
423 22
392 442
