1000 9891
765 497
788 19
540 553
977 129
872 489
526 620
564 423
593 498
346 976
510 839
226 570
339 952
355 898
488 353
754 68
886 585
725 325
601 975
658 382
273 804
274 119
448 270
764 284
782 167
365 327
389 983
374 63
640 571
125 1000
423 696
136 330
924 483
584 840
839 82
653 876
782 880
839 129
342 699
683 669
960 38
104 88
212 147
401 461
69 246
396 106
897 523
257 916
477 113
278 2
460 865
303 578
338 281
780 448
124 778
287 208
62 772
598 714
413 666
487 265
462 249
524 76
746 844
908 499
40 394
380 578
606 720
21 198
889 828
484 480
261 632
617 842
135 83
484 375
253 46
988 935
717 351
483 569
893 126
659 538
478 513
682 665
664 132
516 941
77 81
668 852
25 974
335 681
525 937
507 284
894 664
197 712
483 279
600 965
323 382
419 46
591 521
649 306
839 358
618 745
967 974
699 632
212 616
940 390
228 432
657 632
360 776
645 227
220 780
299 679
881 107
598 72
995 188
735 225
256 865
954 271
927 463
654 121
655 288
790 521
334 949
830 798
409 482
282 784
65 384
999 957
212 465
235 976
640 950
383 168
187 661
136 757
47 385
451 776
829 867
507 644
990 211
919 384
857 702
329 117
611 875
795 368
504 237
879 942
609 158
775 675
577 696
62 800
13 356
861 96
221 193
975 488
867 723
7 330
504 459
488 944
879 652
789 372
314 84
524 199
479 697
430 550
159 172
292 515
220 433
489 10
346 340
756 415
759 968
850 932
777 674
30 42
72 508
436 837
128 62
665 329
149 344
409 523
121 785
765 456
233 847
580 177
128 429
717 421
833 616
950 98
981 528
546 79
588 470
91 731
954 728
886 663
555 52
39 415
887 251
321 895
891 252
798 856
468 667
531 959
308 460
299 643
411 973
450 877
269 487
890 201
74 641
113 237
477 580
402 720
319 605
929 761
356 726
305 556
857 79
255 288
496 451
397 101
718 827
439 302
518 919
549 99
318 430
107 926
41 788
204 704
410 67
322 791
141 241
164 86
365 851
495 612
634 492
912 16
767 8
382 238
132 4
349 511
166 799
962 906
176 795
672 624
84 49
530 867
175 47
3 398
82 109
287 974
605 95
394 580
607 753
153 430
840 658
736 1
23 689
851 304
604 845
733 940
534 295
342 732
669 452
341 627
128 26
661 160
812 460
869 13
963 72
211 943
941 711
241 272
96 637
59 611
138 894
46 789
33 12
54 442
384 722
673 92
765 718
281 766
211 147
442 511
952 352
479 200
873 629
948 65
787 69
292 43
378 172
288 156
161 642
973 611
856 335
506 72
108 388
806 77
717 542
457 277
554 141
157 883
815 102
822 838
879 209
960 475
799 562
987 818
880 162
324 622
723 876
140 124
697 959
308 826
718 561
922 58
323 484
743 166
102 298
103 71
984 751
732 917
126 188
898 35
292 790
519 593
667 994
762 428
513 408
951 42
898 210
737 122
97 283
210 26
271 553
219 872
42 995
295 407
193 24
577 898
873 507
709 133
159 356
492 967
590 952
521 663
298 536
542 831
216 897
110 349
704 698
45 398
618 464
410 829
565 759
68 817
573 920
872 347
670 18
437 405
973 195
613 44
7 999
835 254
618 754
52 252
254 766
185 469
320 572
912 976
413 317
553 962
858 478
256 632
385 772
74 630
366 624
441 541
8 88
230 893
708 677
866 365
380 436
291 600
575 676
726 816
340 235
982 686
643 284
839 672
925 966
268 463
471 906
359 563
537 946
121 109
296 406
18 565
438 938
619 171
123 952
785 349
571 460
883 590
165 691
828 469
396 71
888 312
287 96
970 802
992 214
444 173
460 438
741 630
999 258
16 843
56 744
842 459
148 312
560 776
489 478
931 179
219 229
749 504
146 568
54 209
293 807
668 853
190 433
319 23
159 638
146 587
932 958
845 75
793 464
834 764
251 786
604 790
276 809
59 806
668 635
820 814
986 82
750 427
996 461
518 477
7 600
1000 426
48 535
604 564
398 111
113 119
389 808
997 451
446 347
474 278
14 191
414 757
437 572
801 583
556 582
887 52
959 923
674 537
903 916
744 845
796 31
766 878
972 357
95 214
575 728
706 281
69 439
89 265
592 400
913 994
183 704
511 247
118 831
818 929
865 154
841 678
334 711
939 931
463 481
124 815
823 257
456 369
213 828
760 287
462 171
378 634
519 665
520 521
651 481
64 645
407 623
874 250
358 475
585 101
750 809
6 40
681 538
132 938
900 828
405 122
408 146
998 11
871 795
339 506
103 365
50 635
497 534
996 568
686 340
300 503
486 462
822 404
73 699
537 228
315 722
689 481
600 644
141 882
533 80
785 927
704 738
445 752
319 11
690 909
3 361
474 32
612 334
519 242
635 551
587 952
879 176
517 989
313 215
406 884
557 460
523 324
872 34
156 363
564 408
621 665
124 151
471 674
739 978
578 332
743 906
599 166
583 733
621 298
269 405
55 848
95 903
276 547
995 141
137 227
928 210
749 134
878 346
934 24
689 896
510 784
416 353
651 841
513 821
835 754
231 421
628 783
810 316
169 76
312 178
65 355
976 780
729 132
162 799
905 742
122 556
60 162
762 68
283 325
145 356
795 430
376 358
339 90
622 241
774 792
390 529
605 188
326 839
58 673
701 649
233 349
260 298
115 801
576 881
478 685
373 409
672 992
254 180
491 546
183 232
157 461
893 963
361 50
695 77
850 535
935 546
223 860
522 389
461 87
853 521
766 162
501 971
45 425
565 658
141 918
510 591
494 80
320 819
825 942
152 559
65 786
216 627
842 967
863 691
464 385
268 785
802 313
90 455
207 578
994 529
905 32
190 58
155 375
179 263
343 673
551 39
352 849
169 893
556 639
482 492
264 7
624 653
769 962
631 74
156 924
783 289
330 923
353 490
156 819
140 392
804 615
454 40
565 235
406 463
45 517
909 476
420 255
581 484
748 91
14 691
329 163
601 335
624 216
326 784
611 930
975 141
245 352
782 551
629 10
386 332
358 16
300 999
59 85
650 528
157 499
245 642
798 424
581 56
853 835
822 306
533 837
805 544
20 872
554 34
825 639
756 417
759 770
253 505
806 881
436 416
883 94
98 860
889 753
266 458
51 880
971 643
110 205
664 217
115 377
868 793
99 929
888 845
255 833
733 593
972 815
664 72
394 979
419 774
950 78
246 703
906 284
856 927
517 166
647 551
742 739
29 332
769 957
683 211
429 663
731 719
736 979
734 674
496 60
403 728
888 782
99 105
943 466
482 248
947 919
913 219
627 959
355 320
925 596
451 897
123 748
342 590
625 162
883 898
882 595
244 584
338 501
598 383
106 617
931 536
532 857
239 855
786 480
156 565
70 87
272 26
149 684
944 787
690 64
304 395
736 398
878 825
2 94
78 914
723 248
32 745
474 614
936 879
315 122
851 28
659 977
896 493
269 549
664 633
628 426
182 695
636 584
270 861
183 208
719 898
479 681
927 177
953 462
76 555
24 502
337 17
104 804
68 903
819 841
513 918
169 761
479 988
685 673
82 630
233 738
677 785
474 58
937 764
609 911
368 521
208 32
403 250
695 633
226 732
354 393
371 541
538 579
446 457
708 996
161 367
96 772
151 908
63 320
948 58
824 8
330 753
539 495
756 799
958 503
961 433
908 664
356 429
179 492
880 303
273 919
347 802
776 122
83 520
869 617
781 503
530 57
956 54
997 782
64 171
126 569
457 211
226 243
942 293
320 116
490 300
554 981
631 705
10 823
448 837
999 157
545 766
766 632
269 790
386 853
184 850
353 109
322 928
272 149
1 457
760 288
562 42
547 322
306 492
658 601
261 696
634 680
301 167
943 520
529 972
931 112
609 126
352 129
372 204
745 366
25 509
68 197
257 434
920 366
652 980
813 157
310 718
340 785
397 660
971 877
882 384
261 491
854 570
945 894
163 905
827 382
559 815
229 136
674 7
693 281
767 648
418 329
134 149
377 794
414 933
54 476
424 933
856 936
433 937
473 408
754 59
846 987
759 270
85 299
307 865
968 613
934 398
939 292
427 456
928 211
271 363
455 510
458 302
496 245
70 405
117 747
85 13
88 799
127 390
551 352
403 528
812 844
402 189
288 336
273 12
673 717
130 655
887 313
65 354
193 341
618 966
822 888
2 373
884 545
505 537
316 21
62 529
669 535
417 842
439 345
210 643
219 775
835 928
857 664
966 74
631 471
11 982
649 676
796 525
729 470
72 975
328 345
752 497
510 33
59 219
560 612
245 316
232 757
799 271
103 178
215 468
749 892
239 466
941 436
762 505
238 944
72 334
770 685
776 799
927 248
93 666
846 456
866 126
82 397
500 652
451 64
542 848
640 200
521 980
128 28
39 206
333 493
237 849
533 484
252 596
516 56
315 991
337 891
855 217
843 561
437 288
9 233
781 891
375 116
37 822
711 510
693 31
199 298
934 347
652 1000
265 448
506 372
146 453
94 407
939 256
706 13
689 926
730 135
491 377
454 783
436 270
987 139
313 573
593 587
852 918
333 122
655 501
288 269
951 834
679 467
888 866
5 672
446 626
305 590
70 846
680 686
810 278
790 567
296 151
888 977
573 794
335 350
514 525
775 430
255 87
633 771
425 838
230 659
561 242
13 119
30 149
350 264
761 167
925 999
361 721
932 226
454 346
659 555
741 894
763 750
340 661
783 789
444 911
755 558
496 955
444 443
27 581
11 308
875 889
590 668
771 834
811 657
573 466
871 205
15 897
396 645
823 110
774 438
480 382
427 793
524 137
600 607
965 297
567 101
128 218
811 959
116 769
671 219
747 609
91 453
642 975
628 228
371 885
834 615
962 592
566 86
487 827
932 900
132 528
798 101
46 782
730 807
863 513
631 485
975 919
388 77
727 54
488 469
34 833
18 314
881 354
644 800
821 174
694 724
218 149
365 34
95 841
649 62
227 193
446 445
485 665
640 272
740 905
347 365
795 956
706 17
29 508
947 873
624 682
313 601
743 691
30 990
236 55
308 676
434 236
814 181
876 313
202 242
240 897
627 815
331 474
615 586
817 589
217 407
515 856
813 611
999 888
897 520
294 354
778 228
939 953
124 773
453 229
2 95
663 406
984 717
641 700
349 293
922 143
617 557
73 419
550 959
888 24
45 189
54 949
880 652
954 143
188 715
399 891
559 710
431 853
881 456
859 774
200 137
642 800
755 985
99 925
336 313
360 335
224 66
90 888
72 451
516 936
423 422
245 808
193 641
893 236
489 766
982 21
509 739
65 575
228 93
835 79
547 707
327 667
39 103
872 456
302 815
928 490
748 683
124 141
18 286
716 329
311 935
916 379
261 74
37 528
872 87
377 607
33 187
94 476
576 462
342 798
215 516
593 897
929 722
680 584
377 298
530 54
737 538
41 3
705 36
282 799
719 422
791 684
692 806
456 518
348 748
937 89
562 374
264 397
726 717
178 111
785 29
623 831
239 874
24 889
652 331
377 245
611 378
770 794
737 853
995 525
745 674
55 181
262 270
746 796
472 415
309 570
419 214
44 604
387 628
874 248
93 772
666 236
707 536
617 874
968 460
452 165
453 396
612 923
539 387
978 221
341 747
693 582
909 649
396 988
950 95
812 84
390 6
379 409
287 666
937 829
76 479
941 649
500 591
102 655
413 80
987 119
313 268
661 250
4 380
3 992
377 793
489 450
180 508
109 306
385 212
988 603
129 522
152 341
688 263
372 816
782 465
584 376
566 312
503 385
961 370
916 654
304 810
186 943
327 957
635 244
545 236
817 839
692 117
604 649
401 180
60 495
167 389
479 503
961 412
528 857
104 507
143 684
22 535
471 40
175 127
947 974
236 127
118 127
107 234
397 98
523 992
709 729
13 82
199 683
888 660
960 97
395 798
72 609
201 67
329 22
934 565
371 431
344 629
511 459
296 760
244 214
245 315
211 391
824 986
714 274
206 142
667 904
275 531
741 652
813 111
103 403
965 308
271 583
589 456
625 919
609 266
93 665
958 647
336 370
561 111
210 343
85 793
431 781
489 404
309 417
572 617
647 121
746 308
603 325
876 951
788 433
228 134
466 527
485 305
472 624
604 809
964 270
256 369
214 192
642 701
367 930
794 864
9 232
602 169
623 221
882 105
801 863
463 720
468 698
345 49
381 691
424 672
631 215
118 270
230 852
303 232
102 533
914 63
91 578
790 746
682 35
826 276
583 324
86 647
587 951
308 705
848 982
388 313
563 333
356 757
587 115
329 327
476 530
437 788
135 641
639 431
515 895
18 701
610 163
581 344
351 963
176 589
838 467
621 933
273 265
936 87
995 756
465 545
581 371
841 222
549 149
849 699
222 967
596 80
961 597
869 879
675 323
396 416
54 652
954 406
148 449
735 527
386 330
979 57
858 810
451 368
96 97
560 912
375 753
480 93
660 459
188 774
702 842
480 383
500 882
20 479
92 132
42 625
3 653
229 493
103 516
585 285
489 368
626 627
551 793
355 603
997 1000
46 924
622 511
659 627
91 117
608 345
916 2
419 554
355 680
448 976
711 703
382 84
114 1
395 251
6 393
816 773
835 227
105 450
114 260
424 638
602 141
273 655
865 981
497 489
812 608
707 330
468 734
843 826
476 801
44 541
852 580
925 304
527 108
179 402
877 23
809 783
94 259
333 933
156 994
222 349
53 614
5 643
240 898
937 124
973 870
226 237
300 676
579 691
339 822
302 174
969 339
472 341
291 955
643 174
705 377
317 883
533 802
362 268
884 649
166 632
451 263
733 444
455 922
667 850
762 348
999 89
6 527
372 123
10 450
562 151
267 497
144 260
441 454
82 48
923 746
157 514
712 839
140 720
604 429
914 939
44 116
780 768
676 881
881 961
120 353
843 77
854 241
713 460
181 174
399 283
239 88
775 140
834 584
963 116
312 755
913 225
271 861
256 138
385 554
354 677
678 35
952 370
951 195
976 136
963 914
308 69
972 988
612 395
460 136
1 770
726 151
472 838
697 403
864 684
354 374
651 590
108 297
330 767
403 649
902 605
382 604
688 713
697 512
235 694
195 155
352 906
153 719
440 685
62 281
714 936
623 600
537 881
40 823
691 504
667 424
213 772
457 466
979 437
710 327
491 255
295 903
425 669
946 105
225 656
918 387
645 585
279 93
709 262
924 515
895 47
40 371
314 894
723 150
210 959
201 734
603 956
857 604
452 896
783 844
550 585
866 658
177 415
529 962
750 812
785 600
496 851
188 633
779 390
233 128
751 450
208 450
462 507
733 836
719 785
319 44
997 991
515 950
931 289
534 654
719 646
958 970
25 942
669 365
547 785
967 648
626 778
574 570
955 532
967 266
816 894
786 602
734 19
436 103
256 261
702 350
412 152
927 747
363 682
215 709
296 82
111 404
54 14
462 806
527 390
621 295
434 467
900 244
316 979
961 482
172 655
713 949
454 801
366 394
899 948
35 826
623 527
660 635
298 452
834 768
691 423
785 135
195 852
714 972
911 682
914 250
367 890
908 924
657 164
913 50
986 536
625 360
453 935
573 8
575 590
455 967
876 191
35 489
3 222
476 301
331 626
923 150
601 368
1 442
69 91
680 240
628 718
511 458
663 473
297 576
390 679
963 870
67 566
586 198
948 993
861 64
229 278
448 579
275 133
819 628
220 511
721 582
884 22
690 763
513 338
889 961
1 102
111 903
650 349
816 173
393 716
518 420
954 55
756 511
775 71
779 128
517 540
901 765
522 226
807 964
18 117
437 445
938 370
565 945
327 425
842 962
591 717
5 234
850 569
85 348
655 160
129 646
96 974
526 806
69 729
70 674
866 325
186 819
726 17
647 994
673 291
674 604
490 561
2 870
636 942
322 546
437 787
577 56
615 544
710 380
123 690
197 327
454 446
904 807
421 181
365 674
68 866
611 854
120 795
804 471
19 845
970 778
694 477
966 342
714 311
167 631
900 864
266 772
254 215
423 350
429 347
885 428
716 867
893 982
439 912
964 890
286 125
73 624
936 690
521 740
133 726
426 352
633 632
76 480
459 488
733 686
928 844
940 264
462 636
122 533
232 77
86 548
146 194
204 19
333 753
122 900
217 936
385 792
801 144
473 71
7 601
740 387
339 618
468 846
568 116
363 400
236 162
807 815
27 217
176 155
485 111
571 772
551 298
562 705
532 757
166 415
4 334
620 478
197 315
6 126
257 638
558 988
649 512
432 917
600 82
505 402
396 103
625 385
188 129
10 737
600 193
598 604
188 440
572 127
240 752
379 947
675 382
213 675
804 90
29 786
870 207
693 846
808 240
936 993
611 673
599 628
672 811
784 309
129 96
140 672
34 191
197 913
729 968
891 475
974 490
374 365
763 545
604 867
396 792
534 594
650 119
410 908
808 963
551 821
717 13
591 532
372 734
122 553
963 917
493 62
901 471
782 745
85 276
30 655
864 685
973 453
649 23
703 172
946 595
564 166
982 125
821 817
489 824
165 317
312 863
562 899
618 775
235 681
66 431
781 500
770 583
164 458
37 68
648 55
691 507
160 369
752 251
826 938
739 455
5 631
818 970
875 263
692 983
657 747
861 808
218 952
737 762
991 677
652 325
528 315
601 283
70 182
996 992
478 411
300 943
597 719
266 619
999 239
12 123
72 982
496 630
387 745
872 829
852 499
67 605
728 769
451 442
197 194
793 971
296 685
462 222
709 39
175 767
990 602
721 601
997 764
944 504
884 196
277 379
653 213
336 969
289 774
290 57
613 295
113 634
935 784
591 293
439 984
650 265
731 174
561 670
493 367
845 154
665 332
974 454
100 471
449 713
730 874
663 862
336 69
209 201
373 461
811 511
854 394
584 378
927 746
570 821
535 805
534 856
248 923
192 190
63 272
783 43
436 134
610 601
166 27
194 496
636 159
436 309
960 679
852 637
501 329
636 788
433 537
655 402
9 40
416 809
736 926
458 188
938 866
260 138
833 88
283 59
356 723
395 677
221 974
559 231
981 177
725 291
732 761
363 134
72 162
628 954
330 69
95 327
191 880
303 778
731 839
273 291
572 193
558 788
45 831
490 916
468 314
255 146
2 146
456 796
425 521
616 788
585 811
386 356
177 41
729 580
453 332
366 615
920 431
499 386
856 376
124 557
328 58
634 953
989 315
266 240
874 109
713 169
161 618
228 531
722 41
867 976
228 930
958 532
924 668
10 76
587 890
312 364
459 463
445 528
212 781
817 421
301 588
395 654
159 562
197 651
254 628
638 94
189 555
229 826
113 276
659 311
207 955
647 686
959 104
196 776
938 149
851 992
891 159
549 637
587 646
381 689
809 640
847 888
541 201
765 174
436 265
422 236
616 293
618 863
718 59
955 327
972 346
80 610
321 826
910 160
711 891
273 237
829 16
959 701
343 892
344 134
677 76
291 897
454 447
681 9
41 234
593 821
558 961
994 102
300 593
344 821
787 629
277 463
992 299
73 170
566 789
615 918
266 547
374 512
987 727
469 884
603 428
25 440
98 606
228 657
690 442
429 422
155 191
668 748
867 750
542 518
870 179
764 658
638 175
657 81
188 546
818 425
582 406
125 89
159 609
335 546
431 803
547 970
537 160
738 867
977 473
979 631
376 544
488 58
180 656
223 594
17 149
483 481
267 992
18 422
94 709
185 111
665 693
460 23
480 957
195 322
164 787
971 485
664 507
811 124
152 655
29 215
468 617
401 336
476 908
113 78
385 799
425 346
228 361
160 25
507 178
803 865
199 152
660 734
311 866
190 933
545 170
970 393
973 514
602 348
565 328
203 443
134 815
853 461
782 971
967 437
681 212
402 495
331 479
832 344
687 74
49 610
175 166
550 502
80 876
157 988
908 820
378 641
474 832
370 817
960 146
407 864
953 790
491 819
206 298
79 88
960 218
211 464
158 585
456 425
111 619
644 556
918 199
407 582
456 56
55 112
154 185
167 538
150 300
281 179
814 775
151 535
842 500
599 740
792 373
538 892
465 88
234 407
107 943
271 814
521 519
354 816
437 695
851 604
177 573
161 144
487 856
825 889
826 162
423 48
229 225
546 37
195 401
379 220
199 457
393 118
123 211
217 794
721 218
905 19
851 811
985 285
252 292
759 467
954 544
95 942
186 918
937 489
172 677
967 234
306 424
990 665
269 564
445 28
619 689
854 184
354 301
477 747
574 43
758 260
31 724
292 256
536 606
173 515
230 636
875 361
69 434
623 715
166 440
779 879
355 497
672 285
585 556
514 496
193 76
828 706
903 710
376 335
753 113
984 398
748 415
538 365
442 326
480 253
64 508
717 918
785 316
698 631
914 600
316 849
954 332
348 83
849 530
595 82
244 108
707 652
245 725
34 510
709 183
358 431
713 140
112 773
828 587
918 577
150 443
614 124
465 43
674 289
340 797
180 554
896 235
594 8
160 534
396 942
788 408
434 634
157 183
158 240
342 381
513 903
695 443
258 826
671 442
871 877
265 206
764 158
600 935
451 980
233 41
96 710
260 311
8 680
561 109
679 238
366 337
464 297
941 825
754 134
639 554
380 484
806 200
424 342
498 603
762 764
959 954
429 731
411 112
269 370
127 386
91 744
130 536
807 758
832 482
321 867
765 872
783 377
936 320
484 266
460 626
580 919
386 777
973 812
960 501
264 428
874 519
936 700
567 552
205 807
667 254
253 571
325 94
610 508
444 316
283 614
175 444
571 267
383 313
75 760
224 158
686 40
466 55
286 474
897 791
571 376
877 118
737 679
595 110
723 37
531 585
305 204
474 717
201 307
534 479
955 118
421 830
996 586
851 329
10 363
525 696
647 229
150 583
858 486
826 120
148 108
133 752
831 489
263 365
603 326
219 81
493 265
24 161
119 440
85 632
780 552
427 64
510 707
186 723
29 65
105 491
949 16
788 146
734 644
425 492
65 917
384 824
543 616
285 872
983 369
695 701
535 840
863 719
699 678
756 957
65 774
997 437
873 639
69 822
377 254
108 732
385 931
8 418
29 276
881 53
497 300
963 988
65 32
619 633
398 842
455 367
776 54
398 875
395 704
765 780
438 678
277 748
1000 931
821 699
400 233
681 8
847 703
204 659
748 461
75 902
757 174
811 969
211 70
672 692
334 305
455 947
405 362
339 234
747 25
88 426
785 260
235 333
771 825
279 502
525 506
418 854
680 381
993 234
245 653
263 34
209 409
763 960
747 327
715 933
707 981
48 86
727 398
206 266
949 944
223 703
594 65
615 341
659 519
533 34
826 28
722 157
84 866
410 775
506 976
751 218
577 617
256 161
3 940
635 629
764 855
829 941
578 751
981 722
428 566
419 781
593 426
995 490
260 787
397 658
641 756
221 846
370 563
111 462
299 688
726 249
660 826
532 290
517 50
131 395
27 298
528 789
284 187
317 105
731 706
867 2
722 771
800 89
395 671
605 650
381 876
471 820
455 339
204 977
136 369
174 777
231 488
611 339
771 345
772 166
792 796
188 445
923 50
799 655
800 295
197 313
342 690
92 513
308 966
438 573
294 561
723 929
913 905
416 966
553 162
771 119
934 993
170 882
884 278
225 397
92 295
558 188
409 75
434 352
434 654
111 618
184 921
915 681
429 393
110 694
1 130
257 56
166 936
831 754
564 991
945 107
78 3
746 105
794 374
481 445
354 862
432 864
784 469
215 111
436 872
742 836
154 757
577 171
824 465
16 766
346 157
608 376
916 33
114 209
741 52
617 254
159 757
822 392
947 474
651 869
467 880
878 102
94 561
108 661
94 448
39 321
905 99
302 525
564 160
74 660
554 173
946 544
817 936
801 291
458 134
577 196
43 544
174 698
408 783
820 360
643 465
593 594
633 733
481 344
675 960
765 820
517 345
886 104
373 75
318 876
110 377
87 921
413 184
829 200
351 516
743 262
728 997
691 155
113 385
487 68
269 785
491 129
473 654
184 855
576 41
188 167
656 145
50 128
433 8
954 474
44 422
562 39
884 862
38 365
141 424
22 894
940 872
637 722
675 493
469 924
951 104
419 171
396 138
925 758
805 739
438 500
21 84
319 339
290 55
220 308
349 600
656 638
119 550
301 981
837 675
944 183
764 808
447 76
656 635
396 830
579 389
690 790
621 514
802 444
795 685
744 211
734 946
630 739
976 6
830 481
500 339
856 604
428 653
583 731
929 912
397 730
900 247
459 97
207 711
591 953
795 888
977 637
523 681
618 889
268 728
145 163
623 520
97 618
364 616
151 687
892 511
770 553
610 808
57 664
905 741
363 120
190 559
653 941
467 166
361 623
639 260
344 859
936 127
240 860
227 550
84 933
451 634
108 520
434 884
254 333
59 139
535 62
794 244
667 878
282 384
158 631
254 476
240 570
336 953
248 21
474 603
385 58
900 911
650 614
193 773
533 811
556 380
633 279
7 52
712 898
676 805
751 483
789 2
612 955
645 822
450 482
12 605
91 508
646 804
774 233
725 885
567 290
462 756
885 188
640 124
955 565
686 711
319 954
121 935
879 210
424 902
556 855
189 410
371 555
526 523
306 207
894 949
374 188
184 6
937 682
427 410
90 368
166 5
429 685
374 916
783 190
752 456
56 431
305 179
193 234
321 989
911 794
311 574
380 459
671 987
92 911
143 573
862 191
518 987
322 592
586 293
424 224
612 238
156 559
487 63
749 680
805 150
519 936
596 237
905 202
743 334
600 232
532 929
554 569
774 766
481 211
118 744
671 642
625 708
405 474
669 860
568 868
131 550
391 104
175 689
328 88
864 122
334 76
81 768
443 377
266 146
486 313
159 365
607 121
755 960
357 36
343 113
950 27
983 116
972 583
310 890
441 249
996 333
176 378
161 138
270 532
328 645
811 848
153 685
20 170
501 715
925 121
950 724
812 717
530 410
766 851
787 505
430 681
302 758
565 180
933 944
683 201
802 431
697 341
881 208
240 216
743 686
299 593
731 626
406 370
669 696
382 621
496 272
919 176
478 128
724 344
887 764
545 635
344 202
420 25
594 700
439 512
146 554
598 480
875 329
386 8
813 751
652 307
653 70
782 666
931 892
969 433
404 996
480 66
170 770
210 983
373 313
656 197
503 906
330 460
331 797
6 515
797 780
83 140
106 23
849 950
224 54
459 686
672 648
853 865
970 527
457 592
521 811
495 232
99 819
405 208
923 671
620 369
176 56
341 722
538 890
116 866
162 86
203 686
257 582
777 915
911 972
251 698
582 658
534 593
77 986
760 676
655 967
217 751
215 844
699 515
685 556
411 731
915 219
937 631
100 227
489 940
739 780
167 271
562 815
724 1
215 837
494 590
846 739
904 166
355 132
374 224
963 581
17 499
222 436
4 15
778 978
130 127
771 231
944 849
140 334
433 476
783 404
734 418
37 210
990 72
630 243
151 78
335 285
942 303
468 178
136 980
786 363
865 290
830 608
687 217
426 931
891 626
396 6
842 82
992 939
225 60
795 328
245 433
948 666
664 701
628 758
927 492
90 741
306 486
715 526
475 293
166 890
893 839
569 881
572 892
873 299
49 217
270 771
436 559
73 723
495 12
150 441
44 84
85 768
175 990
271 671
940 30
633 58
147 274
2 531
756 278
777 911
464 126
821 350
987 74
919 993
497 250
993 733
208 115
756 912
621 513
88 727
994 917
694 742
346 912
422 485
886 542
400 845
196 164
592 55
789 301
521 253
830 113
906 558
338 883
877 74
843 966
806 206
57 957
4 92
136 44
883 775
696 228
255 347
807 752
153 687
740 725
457 353
848 638
814 423
97 296
691 472
618 967
933 59
993 256
409 375
908 879
345 819
161 654
151 451
559 454
496 848
908 254
156 635
912 249
326 606
770 251
109 693
957 647
166 792
176 644
563 816
512 814
355 141
343 552
854 859
511 502
918 882
505 681
586 194
275 937
314 897
25 82
675 392
783 989
989 312
629 849
453 619
805 646
633 319
775 50
153 295
360 381
103 543
620 651
974 399
592 568
827 291
557 246
889 734
449 569
656 713
474 412
312 367
646 948
483 711
835 934
582 730
290 314
310 953
295 378
557 408
833 951
565 957
986 98
398 268
703 3
760 587
544 648
32 348
271 183
677 297
208 893
299 342
213 388
219 193
415 856
695 812
899 519
481 564
543 904
662 461
108 365
511 880
65 38
47 242
838 667
431 19
326 335
751 602
458 223
624 96
812 814
585 269
251 396
34 29
161 996
164 269
240 923
477 834
923 40
65 320
430 456
805 4
439 266
465 907
942 359
780 326
412 578
896 843
383 505
836 573
11 272
54 189
710 260
698 773
443 139
743 222
68 470
585 196
527 745
993 127
41 538
224 680
83 243
67 534
36 283
740 542
940 817
100 299
283 866
803 123
182 148
114 795
670 865
992 415
243 23
171 274
137 646
105 26
414 186
895 242
402 610
955 370
9 476
741 597
979 632
287 601
798 111
587 1000
203 995
574 758
650 46
872 466
546 19
158 345
930 302
592 977
333 749
389 473
997 326
618 525
32 376
159 817
536 824
781 867
497 492
649 511
557 670
501 492
7 765
381 850
276 738
924 214
619 726
86 265
934 91
688 689
467 402
102 573
951 956
329 405
703 507
924 500
174 783
50 297
142 297
826 914
634 219
264 407
943 57
321 730
801 720
931 513
108 134
990 252
168 51
477 983
317 910
67 839
302 34
658 842
261 939
301 410
16 22
970 987
220 238
793 834
486 105
605 253
511 398
370 526
172 280
987 421
519 706
791 441
348 949
768 686
851 797
219 844
419 286
292 528
759 846
707 947
745 260
985 821
620 700
470 959
567 71
777 241
168 685
746 230
731 307
987 240
147 505
756 307
6 76
855 441
752 966
587 916
453 982
242 107
977 228
741 131
229 895
105 417
761 858
392 189
925 461
123 69
51 480
15 69
846 625
63 329
856 753
69 780
51 273
179 324
936 964
576 752
60 449
665 801
834 184
198 435
420 969
729 7
527 252
506 136
911 861
92 961
240 84
853 494
122 88
186 129
192 6
308 380
286 688
362 474
895 244
640 830
713 456
330 188
477 59
350 315
317 914
301 365
326 192
718 710
495 587
91 289
922 971
631 591
706 930
589 610
395 889
681 352
511 314
844 753
125 331
474 581
704 318
193 831
568 797
825 404
326 637
954 314
681 514
612 818
477 511
885 482
909 556
690 720
653 476
488 968
976 557
668 915
775 969
724 535
102 935
12 443
380 861
842 614
845 773
684 389
941 370
931 292
798 283
665 336
354 723
831 327
872 268
746 365
452 464
982 322
738 921
318 505
212 868
376 714
547 741
252 101
569 413
807 175
20 355
481 845
116 660
983 366
414 575
381 568
185 277
402 110
41 310
938 76
385 836
557 742
464 699
885 850
730 170
643 529
120 333
479 509
291 651
734 381
900 446
312 750
648 72
23 320
777 292
658 97
87 857
978 962
705 26
869 775
875 342
503 521
274 745
141 841
905 601
766 524
412 639
774 897
196 697
892 846
567 602
992 840
610 507
97 20
776 601
585 815
396 442
394 154
617 606
581 187
28 813
768 899
901 804
508 10
495 491
599 587
232 523
31 47
345 812
969 170
846 776
921 15
595 224
832 766
427 818
139 70
693 563
805 645
857 989
276 154
10 249
450 480
343 111
309 804
537 200
793 374
124 455
10 868
119 516
266 478
717 495
646 949
24 164
171 471
427 97
212 777
1 564
142 756
336 37
357 369
603 121
513 785
518 2
556 410
575 247
371 557
981 684
564 324
640 412
808 814
660 855
61 328
721 295
616 11
462 775
670 360
492 190
916 680
532 112
730 142
549 714
164 552
91 600
223 79
356 620
651 847
705 117
834 275
672 122
178 207
737 729
50 244
331 311
667 433
876 9
658 212
967 354
970 194
131 108
829 157
762 96
321 622
654 344
527 319
1 616
255 45
10 758
728 991
844 973
636 473
443 44
170 812
461 558
205 554
672 917
735 706
196 435
166 899
188 591
138 372
620 970
803 122
384 220
992 33
521 781
759 869
225 438
870 6
429 641
547 97
784 349
487 594
272 513
435 975
737 339
254 511
998 346
674 356
16 518
42 522
996 335
210 452
270 538
751 231
989 686
388 929
802 538
176 459
731 27
218 122
346 55
328 534
134 340
161 490
262 274
631 403
242 334
686 848
907 549
747 930
821 183
303 278
916 733
441 699
394 707
472 799
641 729
810 75
136 22
398 186
4 21
152 800
579 923
811 649
17 364
553 372
860 912
700 765
826 800
459 777
709 633
598 866
640 932
454 12
681 216
130 334
331 467
773 648
922 722
425 794
616 547
139 740
356 870
947 189
843 380
790 325
546 953
213 588
182 565
900 668
560 709
93 874
791 631
779 690
905 883
374 608
258 383
153 83
603 967
846 557
1 135
267 68
361 97
642 136
992 461
668 904
461 902
873 478
357 245
584 135
983 769
876 727
348 280
236 220
153 286
526 165
67 416
584 22
708 712
492 691
572 559
354 716
134 22
465 237
587 774
125 859
402 726
24 156
707 97
484 46
255 367
509 621
77 937
830 377
6 367
526 598
484 957
748 674
935 38
167 184
705 753
854 466
602 107
933 961
479 11
748 576
416 915
38 62
354 227
84 456
179 500
252 518
532 432
488 144
723 755
541 318
320 174
340 161
285 736
549 787
326 404
607 45
693 917
779 786
52 652
515 812
602 675
106 949
583 197
141 114
622 533
843 280
258 142
408 735
406 126
563 937
726 567
875 139
698 640
771 84
295 786
371 472
614 564
944 512
898 113
112 460
767 732
461 759
337 425
407 929
249 805
983 598
698 994
365 903
168 477
81 940
209 77
161 56
482 677
177 401
574 576
126 76
9 627
314 90
794 288
979 868
746 57
174 454
327 816
328 914
462 509
300 488
463 181
551 609
846 103
685 987
449 595
102 823
985 897
747 558
967 753
894 339
383 810
901 643
794 629
836 488
267 991
884 632
259 863
684 164
462 526
854 284
933 643
963 884
425 261
744 101
326 232
870 44
499 705
854 474
579 961
208 802
692 124
170 354
118 340
9 800
598 98
817 969
964 776
144 585
36 591
679 295
350 107
374 761
26 421
66 930
451 944
278 165
89 451
294 658
79 728
830 800
227 333
451 833
213 802
930 906
805 110
148 871
365 551
629 362
97 841
829 120
972 922
283 348
417 834
52 535
456 696
843 260
980 186
944 605
946 7
399 967
182 509
975 176
49 392
602 852
836 599
387 712
724 231
317 663
410 363
25 284
550 764
287 35
698 902
970 867
220 70
225 994
15 949
14 792
826 254
236 984
989 310
793 91
386 387
758 637
600 587
824 831
625 904
862 975
3 662
632 92
542 969
270 652
272 693
901 598
812 55
760 768
376 521
268 971
436 803
743 942
137 330
741 282
859 101
823 710
578 647
375 223
357 368
860 697
882 17
807 35
114 502
815 564
262 604
284 60
605 896
826 555
367 649
467 523
210 76
660 694
688 663
428 914
213 228
695 818
912 702
75 207
347 866
151 146
706 295
856 456
840 973
584 855
232 625
62 426
250 202
878 968
120 690
746 554
305 800
370 774
248 342
965 989
253 987
474 792
516 489
719 226
241 709
150 59
357 621
853 616
97 37
988 257
571 299
220 187
202 666
701 676
687 497
637 550
710 818
343 703
35 118
348 23
955 57
794 489
986 803
537 393
665 124
205 267
996 618
356 612
409 830
620 602
453 589
684 447
722 6
758 712
707 870
444 768
266 96
323 81
31 288
896 215
449 971
721 838
974 400
812 192
30 104
682 571
977 109
252 63
10 198
242 745
739 567
685 709
449 293
892 15
86 946
699 617
243 597
171 208
834 944
375 80
820 195
678 737
138 634
217 35
604 729
271 314
826 719
649 78
463 546
355 109
565 290
783 159
553 746
97 550
691 372
51 213
161 533
914 173
218 558
577 291
740 751
321 815
901 593
72 825
563 223
175 173
732 702
549 80
880 105
183 758
663 200
779 983
248 259
908 817
692 616
287 308
126 484
497 848
809 204
576 193
44 559
839 920
36 91
664 676
535 99
116 425
178 308
572 996
679 896
923 626
980 385
862 613
258 751
617 678
591 965
270 810
533 864
647 152
337 255
730 638
474 304
693 267
632 148
998 327
396 903
716 524
239 97
439 611
225 691
941 669
475 823
262 875
492 594
272 923
863 621
132 387
635 898
691 916
273 723
772 691
590 350
350 963
372 843
302 678
798 875
178 592
811 492
170 508
687 561
742 644
377 720
436 900
359 992
752 388
643 567
192 715
504 717
468 872
216 193
630 468
423 704
675 887
195 865
913 190
252 630
715 118
772 247
477 791
80 559
432 526
464 910
394 937
352 751
811 55
398 279
83 369
869 882
721 312
571 516
383 34
24 833
294 593
633 963
652 323
736 564
269 890
596 32
500 253
654 384
292 998
647 672
440 864
361 664
408 510
392 963
887 912
176 874
304 319
582 166
913 651
680 170
885 383
79 168
923 606
652 48
158 825
876 534
182 163
385 67
349 690
560 863
813 3
580 274
194 757
871 781
233 137
589 476
510 383
495 9
315 383
301 832
638 123
231 515
840 506
975 640
466 912
967 752
896 159
295 688
120 499
287 531
100 428
764 155
211 781
698 377
434 679
423 160
831 39
545 410
506 758
369 22
901 53
208 916
962 37
389 812
566 419
683 133
121 454
189 340
778 659
11 860
674 960
679 337
21 871
243 811
835 623
553 290
735 206
437 919
166 255
278 389
78 923
562 560
30 798
758 404
227 332
815 87
966 161
199 786
572 360
539 488
170 532
836 693
728 86
880 586
900 710
615 795
357 743
763 620
782 678
783 651
896 432
737 905
370 882
166 699
596 68
300 905
448 956
764 293
913 742
496 904
160 411
63 698
635 102
549 475
149 973
685 139
119 883
615 78
728 658
124 555
460 425
7 48
723 169
177 269
750 578
343 504
474 377
760 914
617 783
409 722
391 806
379 460
223 727
849 172
894 332
860 292
807 367
297 121
450 128
640 112
879 105
38 955
34 818
441 134
302 937
994 948
761 935
190 81
212 396
512 169
507 63
383 222
76 40
479 61
299 331
798 675
35 993
939 379
579 784
653 521
92 869
787 191
179 47
790 605
545 994
430 348
657 232
681 226
810 262
407 135
939 694
15 386
843 338
586 589
313 919
338 406
67 876
438 965
685 444
500 134
391 305
853 646
340 303
748 476
876 297
842 105
495 909
336 778
224 646
409 114
211 58
84 820
267 380
633 213
572 361
328 205
849 605
817 63
693 740
861 302
170 555
332 572
632 10
940 963
802 828
960 778
898 459
167 850
885 585
776 947
210 307
85 709
600 774
582 539
140 522
253 399
537 170
58 943
707 246
980 802
107 854
474 127
954 837
996 216
688 153
318 292
212 815
323 142
347 276
226 607
409 319
946 836
964 397
930 301
824 280
102 412
169 933
164 896
212 525
365 25
661 308
316 547
8 500
173 998
412 78
711 362
190 943
211 845
303 148
972 229
611 447
994 301
743 682
134 662
799 852
142 662
711 136
472 63
532 525
420 807
472 430
970 149
737 614
170 605
857 829
14 746
364 283
629 289
435 537
948 531
364 426
917 588
340 336
59 316
153 823
425 570
814 188
232 792
129 636
89 581
311 194
81 565
136 946
232 679
538 53
746 725
405 506
687 404
304 227
12 172
324 238
549 403
219 976
609 104
33 532
909 523
589 567
827 398
388 722
244 308
889 953
711 996
258 440
76 605
59 873
281 471
945 840
767 521
716 525
402 581
419 609
662 431
167 967
224 647
902 126
584 103
949 832
846 811
190 271
360 86
146 721
901 335
151 672
321 349
155 722
213 456
127 804
532 348
271 232
186 912
99 465
66 186
469 47
270 48
756 865
649 105
78 781
373 643
264 201
229 687
218 400
274 478
961 56
982 342
749 441
681 169
937 55
991 396
763 357
212 485
140 330
141 31
151 74
409 415
744 598
140 217
126 438
516 140
168 18
701 920
601 370
758 171
26 144
666 226
72 590
144 43
274 930
738 159
867 481
687 330
231 126
236 720
590 515
202 320
97 126
491 354
44 419
847 140
426 616
455 775
991 977
707 626
462 426
818 265
656 436
70 474
163 196
898 145
737 191
47 226
923 718
67 352
358 417
138 650
215 296
107 611
932 656
854 671
186 30
349 546
82 415
985 790
513 255
607 935
976 959
298 711
171 351
299 162
963 203
968 211
381 354
897 201
973 94
284 645
964 295
968 802
698 407
253 26
738 916
643 999
657 470
937 710
699 547
683 486
756 560
834 838
156 382
638 564
731 595
96 843
503 198
450 974
895 704
312 915
118 315
545 251
731 656
166 109
848 852
901 214
886 828
9 806
874 988
340 244
456 845
402 271
268 377
888 848
476 543
743 754
853 30
268 676
431 232
606 318
572 506
120 553
961 181
902 445
628 897
187 717
904 819
870 578
653 936
639 259
452 703
948 548
973 951
961 983
467 26
857 742
995 988
184 888
442 356
315 222
867 541
762 301
671 661
306 311
311 10
921 242
850 312
888 379
228 740
298 77
546 705
943 577
286 476
822 690
680 135
384 324
438 139
263 52
623 631
289 729
987 494
839 641
920 293
168 586
857 548
137 541
672 874
323 998
932 692
917 56
572 286
828 613
123 624
116 823
633 395
301 931
964 101
802 136
181 381
186 421
884 386
647 385
851 538
357 493
570 254
294 278
356 43
48 748
188 204
327 346
608 404
685 650
369 416
61 618
303 413
516 196
484 989
392 120
1000 493
929 951
649 80
763 94
981 907
970 412
807 771
646 391
818 832
633 905
38 471
209 891
450 615
142 337
148 918
460 652
300 697
616 458
709 531
692 999
508 948
507 747
145 428
330 96
667 35
67 879
303 823
179 893
2 222
476 265
671 760
818 28
340 296
303 676
93 48
595 306
957 679
351 744
541 808
563 784
983 683
696 780
624 290
328 383
239 395
149 895
832 831
154 807
804 189
991 809
940 813
797 980
608 901
539 726
920 257
115 183
121 522
233 64
846 50
682 780
872 681
266 110
366 365
505 788
860 154
116 954
870 359
768 915
722 294
959 248
146 746
880 65
613 80
55 975
585 165
80 249
777 165
815 613
289 259
94 494
189 298
262 574
526 923
507 843
308 392
679 139
859 633
599 464
624 676
271 437
311 744
627 539
942 570
523 756
283 75
179 10
398 808
221 667
866 208
5 650
636 970
766 873
698 85
403 963
63 90
815 14
821 665
734 90
610 92
311 851
994 255
764 763
835 981
744 817
714 238
382 880
808 103
221 46
683 804
757 140
712 515
478 566
174 207
624 334
163 90
880 984
331 784
64 693
230 102
638 355
140 890
822 378
453 269
515 286
480 421
711 210
466 136
250 787
523 722
16 839
384 187
653 671
334 179
366 768
521 703
977 429
172 201
966 999
971 715
440 369
974 46
501 904
262 990
634 863
764 770
391 766
788 114
275 417
602 993
573 944
899 803
595 616
190 268
906 197
891 385
266 356
643 906
492 588
932 817
989 800
960 774
152 323
1000 7
998 566
535 793
973 364
541 104
63 484
747 899
952 89
146 496
989 962
48 55
920 759
207 745
377 726
138 540
69 776
765 635
217 61
215 542
700 958
22 662
204 781
904 171
27 268
815 351
649 278
817 930
982 484
423 706
959 540
691 488
411 26
965 607
583 928
531 253
715 104
257 688
476 572
558 550
939 608
598 295
545 937
948 466
553 486
865 436
536 724
848 550
482 892
217 505
596 179
135 593
545 651
434 842
73 154
141 872
278 59
45 868
165 603
580 638
33 981
180 876
434 625
125 168
128 975
224 120
603 548
326 625
59 918
336 753
614 228
137 992
180 898
295 339
426 526
281 257
928 836
530 904
486 506
110 438
798 112
812 78
450 267
437 63
95 567
189 686
938 578
779 236
910 630
125 892
586 766
642 572
403 240
976 222
886 766
831 208
851 750
323 329
684 787
532 19
436 104
238 52
618 574
930 338
4 827
392 93
877 948
803 849
734 583
256 572
973 481
441 752
308 212
625 446
568 69
108 262
143 257
203 26
812 944
743 668
748 822
985 28
930 679
203 491
973 707
189 52
216 78
92 702
399 26
292 291
455 273
795 156
853 398
303 941
586 267
71 321
257 525
645 498
739 491
279 148
613 366
970 61
278 84
500 172
999 186
36 14
532 907
558 143
795 644
638 473
268 233
512 851
126 141
427 520
232 736
214 816
516 534
467 823
442 71
666 507
84 752
603 512
875 807
803 66
733 157
331 937
391 915
818 445
455 869
289 841
37 791
685 939
798 346
466 995
431 791
916 129
538 703
673 924
533 120
60 702
902 71
449 685
887 915
629 656
891 329
920 748
523 412
128 811
748 741
216 494
603 234
659 172
843 699
282 665
901 151
29 380
88 680
160 245
815 849
938 590
548 904
532 277
661 631
518 288
385 932
190 945
598 18
781 594
947 790
783 132
161 669
327 8
330 828
312 799
958 442
81 531
459 865
460 574
378 915
804 619
878 604
148 919
735 957
169 404
373 924
752 59
594 722
743 503
339 456
468 247
632 564
835 818
611 833
888 698
695 132
727 835
589 862
273 400
689 776
982 859
19 965
258 407
732 793
749 853
510 219
23 522
375 715
927 48
557 51
850 63
334 84
436 748
24 486
889 524
104 820
655 254
512 331
418 162
185 149
2 549
334 182
990 777
650 457
51 892
587 798
866 299
94 802
546 486
525 776
659 490
643 913
759 212
725 629
707 22
413 415
34 852
396 557
793 220
744 17
191 286
464 744
838 990
431 476
513 531
551 511
517 59
757 678
910 106
783 152
153 761
288 765
930 751
938 802
831 326
321 812
305 615
820 258
127 208
94 936
294 729
959 729
585 568
490 669
92 536
2 304
47 352
857 684
326 217
849 780
61 388
889 86
250 463
73 78
348 976
558 199
226 436
211 472
84 842
586 180
992 227
438 590
442 140
27 570
836 828
874 139
471 515
149 3
337 355
301 200
298 606
832 570
889 959
764 573
584 139
489 457
471 105
533 222
310 169
629 901
997 929
837 712
825 784
255 112
862 789
77 67
594 431
78 292
163 614
419 752
591 622
340 456
744 918
697 191
225 807
299 503
905 645
877 830
661 461
442 500
482 326
866 396
856 213
713 822
535 905
647 639
744 924
247 251
217 60
523 642
29 469
216 196
344 441
397 401
625 24
164 620
772 99
777 307
959 543
249 380
330 260
361 858
985 176
41 8
60 316
540 118
706 362
819 57
819 277
676 485
883 795
754 689
705 339
266 641
156 621
965 519
80 991
909 250
244 871
572 20
867 624
84 878
606 912
289 578
213 270
474 590
148 387
295 620
131 727
969 177
515 381
888 63
427 717
908 276
140 750
547 447
438 463
213 671
358 310
234 352
492 892
789 88
556 181
337 105
963 205
930 30
44 390
664 238
341 143
59 740
465 205
708 159
195 484
362 4
703 900
643 685
176 407
983 500
731 71
628 400
639 877
556 874
904 411
959 796
566 311
76 7
777 252
997 409
473 21
891 123
559 747
166 99
367 742
764 346
226 890
109 875
238 625
900 28
147 772
576 658
162 303
678 153
40 797
682 340
903 892
49 593
518 610
112 191
205 846
539 146
136 671
122 488
634 766
343 960
397 232
329 178
992 990
217 451
779 528
250 404
16 452
988 394
236 679
274 900
519 978
64 464
988 313
217 72
222 609
685 375
408 477
545 844
749 880
608 780
571 368
177 490
97 265
671 409
586 863
148 278
349 659
426 592
922 381
906 838
374 846
927 236
489 496
769 198
698 228
862 947
759 16
3 666
622 270
882 472
441 230
426 370
767 707
185 233
60 979
305 363
545 345
492 518
592 860
56 591
1000 49
723 668
180 475
795 251
720 176
518 7
460 123
498 770
639 911
125 5
566 275
120 305
697 96
554 315
755 470
648 29
647 566
743 989
302 733
268 917
159 1000
173 748
341 381
568 98
587 270
550 150
916 907
193 156
250 103
17 78
682 328
393 803
335 290
264 481
835 874
842 677
127 140
753 725
610 182
67 849
784 775
857 855
918 470
922 925
259 13
784 121
232 831
925 790
912 219
676 140
149 780
481 212
528 395
916 819
90 824
538 220
277 168
483 991
101 404
83 249
429 413
505 591
767 163
434 629
241 785
331 967
280 883
175 702
716 774
205 263
759 864
708 418
341 711
197 931
971 848
883 188
538 865
392 587
780 998
394 57
784 481
807 447
718 110
522 317
372 558
587 785
592 681
760 655
137 362
319 118
431 520
472 599
793 517
332 195
353 14
593 418
904 339
177 915
65 841
138 919
327 457
797 103
805 139
583 664
17 383
164 762
915 418
421 149
718 740
692 585
104 431
549 745
558 665
658 19
53 619
476 602
79 751
812 776
905 442
305 614
252 989
402 484
313 839
524 575
155 164
767 259
606 135
75 973
676 337
168 138
149 703
995 541
407 891
262 683
340 334
527 602
801 121
328 270
664 680
766 299
418 771
664 727
563 671
175 749
766 286
149 2
503 720
662 320
793 23
297 928
436 705
453 557
256 103
537 26
721 789
613 271
135 465
34 36
56 980
828 926
81 7
138 954
489 746
665 751
869 119
467 907
979 51
949 47
53 26
762 417
759 648
901 524
949 80
18 274
937 632
242 244
227 152
547 557
472 849
274 59
765 633
532 462
644 256
949 203
5 458
959 905
943 276
195 980
967 247
825 429
320 163
128 924
122 243
85 156
13 832
86 414
415 572
786 64
257 694
667 926
617 735
981 163
503 547
930 867
143 626
213 366
499 628
649 985
526 433
378 827
14 709
566 950
53 865
168 21
593 884
727 917
959 915
22 679
127 981
535 18
496 529
760 446
795 321
279 336
136 962
343 783
837 198
641 635
681 362
184 974
310 66
338 127
158 658
755 754
221 210
974 784
560 964
796 732
384 239
379 710
219 817
106 386
580 286
928 983
470 611
585 480
707 137
560 802
394 110
586 538
146 131
347 2
241 571
628 177
707 802
927 809
803 279
396 935
293 973
149 361
685 871
524 427
671 276
488 123
159 576
846 778
519 224
267 547
15 385
57 123
354 463
190 185
651 697
287 257
284 422
532 140
240 426
954 602
756 930
579 171
542 317
659 3
678 813
169 883
218 720
137 237
263 853
892 273
53 385
402 251
303 982
812 946
445 55
194 377
71 29
829 401
151 133
946 335
657 768
397 5
473 935
512 336
574 351
835 881
862 90
973 803
192 120
967 261
491 212
297 403
749 589
110 933
58 704
650 780
153 236
575 849
690 61
657 332
676 248
715 594
935 797
718 599
115 958
415 229
382 104
723 44
46 323
139 239
334 518
289 734
35 46
642 218
965 605
183 254
956 446
708 335
27 938
750 582
234 551
320 80
898 483
242 961
591 146
997 919
580 129
104 730
395 295
567 389
570 411
717 280
936 705
293 946
579 331
962 577
907 448
452 693
192 64
424 831
626 978
879 4
402 648
898 517
920 117
629 749
208 199
835 98
765 509
161 87
626 805
958 892
542 127
11 501
893 281
587 594
933 674
740 188
99 268
65 365
726 379
583 550
986 28
330 600
852 709
268 918
14 214
90 376
576 655
924 201
302 589
621 401
325 596
757 625
80 461
68 655
672 1
624 778
695 971
679 454
46 14
613 590
565 491
680 667
819 266
274 912
13 25
126 610
601 530
631 751
575 216
123 572
644 796
349 50
301 431
946 36
27 712
328 275
236 644
37 501
224 196
373 301
102 293
151 767
33 802
59 242
996 286
476 148
250 651
440 907
132 961
171 621
708 284
267 94
953 595
37 696
23 629
285 366
567 120
915 523
662 276
278 557
542 814
280 668
181 350
55 693
803 355
656 556
34 112
683 261
176 797
902 33
336 104
797 277
891 486
548 633
499 503
55 603
761 982
47 603
543 678
368 42
256 472
440 37
977 770
741 249
393 209
322 89
712 497
640 382
18 190
699 733
955 823
706 243
183 122
941 888
801 173
415 805
161 718
240 321
97 712
407 321
464 633
874 896
587 301
520 482
946 388
496 169
188 455
212 461
705 827
753 871
844 698
459 668
278 304
463 252
308 975
165 834
919 57
44 661
598 504
715 316
202 473
24 921
961 924
780 496
429 222
123 841
421 522
999 77
412 835
362 18
805 916
116 37
980 398
552 397
326 520
168 630
194 746
567 47
418 994
348 359
702 786
244 304
63 988
10 296
746 94
893 925
729 932
107 520
681 969
794 744
335 520
384 988
99 537
320 986
870 262
788 125
94 796
954 869
116 520
190 307
319 917
525 810
983 466
17 943
787 319
241 201
350 565
228 465
433 959
51 632
413 353
551 191
830 498
178 589
711 437
930 444
933 971
276 542
621 456
580 249
21 846
265 660
297 173
221 587
360 677
922 641
500 437
948 477
843 129
240 986
312 567
264 442
726 734
967 288
308 931
594 664
776 469
45 720
819 473
303 744
110 910
149 722
892 615
780 404
712 546
359 129
932 47
793 807
297 592
504 108
177 58
766 324
324 191
434 683
788 622
921 139
98 540
559 761
528 99
743 433
859 595
822 325
263 206
992 112
408 225
547 300
324 93
530 702
93 648
171 706
730 607
720 537
59 649
410 725
280 300
683 316
87 989
52 357
402 820
973 43
827 536
181 9
301 750
547 746
769 676
646 226
260 313
473 490
769 725
40 707
692 459
981 509
108 754
807 906
373 754
526 854
274 431
393 459
21 120
787 791
994 465
867 69
427 122
899 422
496 449
795 145
373 901
583 22
89 374
753 815
645 511
637 841
446 930
490 370
39 817
852 68
266 675
583 596
805 842
730 952
663 124
961 580
784 59
35 243
554 733
6 560
609 151
903 339
580 492
780 158
197 828
917 467
521 794
205 353
505 915
551 690
110 486
771 626
314 235
461 72
335 595
501 547
195 164
286 13
72 441
200 206
842 645
458 990
206 804
850 308
16 672
181 234
932 918
275 365
521 581
498 94
775 200
734 885
721 126
707 63
972 905
854 429
765 734
659 177
806 256
882 922
670 339
207 780
311 787
293 292
251 222
321 59
322 276
416 977
435 47
553 752
293 437
873 647
88 969
970 491
254 207
815 129
409 955
89 289
112 78
89 888
353 340
671 951
545 598
936 437
614 660
321 615
231 220
735 860
6 754
279 298
942 478
301 430
201 106
883 578
828 449
546 654
323 539
932 103
257 185
663 691
187 56
766 412
16 192
251 354
232 622
49 136
509 30
591 192
205 261
480 268
615 254
106 474
953 451
917 88
486 266
373 848
394 39
470 794
931 276
626 612
457 669
115 473
575 598
46 724
963 135
842 562
217 617
396 872
609 515
686 633
945 513
285 32
792 140
167 60
168 733
759 678
834 795
906 188
467 862
953 458
416 160
952 466
769 748
698 314
682 839
811 105
831 122
710 786
450 899
901 8
722 727
83 799
800 885
911 931
716 57
130 948
494 443
612 250
864 144
85 102
32 94
325 899
307 212
97 969
59 894
687 889
445 126
879 406
89 396
678 84
20 699
801 639
659 536
787 956
93 477
559 160
317 789
619 893
411 336
140 306
966 226
930 972
680 775
665 234
45 516
253 520
426 978
266 635
359 156
895 62
291 132
5 540
644 640
10 612
305 32
452 913
842 281
737 37
477 354
922 145
546 517
529 977
591 55
684 379
766 11
310 61
497 538
868 639
765 209
722 318
125 114
751 290
613 269
461 16
500 714
393 816
301 999
820 617
693 485
286 69
498 23
559 792
817 393
105 143
933 222
841 515
642 596
975 968
134 152
998 603
785 230
565 844
233 723
380 134
552 857
661 345
609 920
276 825
787 262
134 299
191 174
393 99
837 888
731 493
990 618
632 598
266 420
217 912
159 797
971 267
76 109
225 242
346 679
420 610
826 749
955 963
226 817
958 486
339 530
947 851
865 750
772 110
556 918
705 901
619 193
155 100
247 794
895 926
687 898
486 705
657 171
203 289
900 635
633 852
549 126
4 421
396 63
145 761
184 865
103 46
415 114
680 1
3 372
300 818
871 37
927 471
489 255
487 348
112 594
447 690
866 534
780 842
999 342
491 711
179 529
242 707
988 916
167 785
78 148
685 980
113 95
42 717
390 131
543 347
208 795
582 759
252 14
785 919
73 901
385 513
800 608
357 325
113 681
753 384
418 459
4 999
549 301
744 221
527 356
345 182
346 921
203 816
118 461
236 888
209 551
706 701
307 878
215 585
282 375
113 3
847 872
294 88
830 126
636 185
874 141
801 340
506 466
414 705
381 786
57 964
811 351
5 300
118 175
38 233
728 399
730 293
325 527
623 530
901 165
698 959
110 469
606 291
843 223
5 718
815 93
588 873
672 308
302 243
148 733
362 301
773 602
942 451
636 748
106 803
230 469
550 644
18 621
871 504
728 890
103 82
123 880
932 76
813 447
392 997
101 637
978 756
924 28
487 320
605 61
970 874
239 483
422 769
529 921
949 560
533 817
236 983
440 608
497 593
352 188
615 213
68 40
453 594
186 63
3 671
951 885
67 334
952 845
822 64
763 986
609 373
441 235
498 460
944 418
16 673
347 145
593 153
859 122
458 689
612 274
152 272
940 281
155 627
686 717
450 13
108 561
553 836
458 512
792 288
100 221
281 861
729 851
929 985
507 53
368 285
646 350
708 547
730 231
931 323
886 994
625 156
105 643
623 449
455 467
874 829
626 374
38 456
259 397
118 58
653 741
467 366
505 167
698 103
292 322
4 351
407 114
655 343
856 126
31 550
931 620
258 222
687 43
301 284
230 642
47 328
183 598
921 439
389 382
559 493
136 525
546 796
212 248
766 675
434 782
805 877
455 932
363 101
690 479
603 834
700 132
296 706
408 316
462 243
486 213
475 356
559 688
138 380
806 903
479 677
336 701
121 525
177 291
125 109
509 910
699 162
426 450
281 509
232 269
765 189
766 206
93 608
1 850
894 658
6 613
276 183
567 349
560 458
926 169
584 448
915 856
565 870
534 562
848 469
856 960
820 835
360 143
364 687
254 751
366 421
958 233
119 183
502 805
734 624
31 915
539 610
703 191
227 206
636 114
708 519
30 559
658 364
436 322
476 823
482 384
54 574
712 936
285 611
813 801
28 139
286 931
52 769
344 970
402 336
757 964
933 648
50 478
730 396
607 70
802 491
959 709
954 757
14 748
18 659
331 600
795 457
923 188
235 4
535 11
595 356
23 215
923 301
84 999
287 194
27 719
348 940
776 537
140 992
149 926
390 344
62 901
49 90
535 112
804 877
276 279
851 157
874 6
68 209
451 235
90 553
608 934
906 797
157 389
431 858
966 585
733 882
772 870
440 647
266 15
91 62
834 219
310 860
25 988
827 155
962 391
910 927
459 165
403 219
59 589
940 338
711 657
379 232
824 331
109 319
290 379
545 503
748 666
751 993
630 658
646 300
9 82
105 569
551 14
890 438
742 703
393 348
752 443
682 90
545 834
431 109
179 508
541 310
669 737
711 106
607 21
256 994
518 526
723 616
407 69
141 25
821 599
187 679
978 614
325 634
395 914
987 988
35 507
970 2
706 520
410 125
286 712
947 270
239 744
3 230
226 485
524 828
796 569
690 20
582 14
689 2
714 414
699 302
294 943
763 679
124 943
768 613
128 964
292 863
230 7
983 991
839 667
771 907
794 296
922 357
391 938
109 137
620 522
732 76
290 219
914 897
519 430
704 469
895 553
604 54
290 232
542 868
121 694
86 672
158 109
163 953
627 124
938 497
684 13
475 44
465 193
802 64
551 895
953 212
738 942
86 898
177 934
877 653
414 917
831 411
733 745
939 118
794 799
265 75
229 922
68 536
130 293
138 938
503 220
469 92
994 653
631 192
43 859
655 112
952 233
187 560
574 96
354 159
156 905
85 29
948 157
363 343
139 838
545 991
378 120
296 171
580 923
658 233
752 20
442 524
178 547
652 399
619 836
231 186
896 889
606 66
757 222
210 883
942 448
672 676
657 432
291 206
98 732
619 98
50 859
377 356
163 392
69 878
564 658
368 397
680 141
649 980
24 753
962 779
943 572
343 256
236 976
129 10
77 340
537 38
756 94
534 114
6 227
430 707
627 171
102 715
660 139
627 88
42 686
519 176
618 381
472 628
234 610
273 626
453 772
171 95
119 317
265 22
176 439
929 111
83 364
164 883
96 877
703 154
764 134
815 572
941 785
910 480
803 880
716 23
165 279
204 195
423 931
753 30
570 572
460 420
507 899
787 821
244 726
705 76
429 580
851 683
404 533
511 88
422 412
558 611
154 365
815 112
514 541
606 175
450 16
866 40
4 495
72 573
207 735
240 883
24 896
704 34
799 445
568 529
491 834
862 343
866 778
171 832
347 408
316 303
202 642
166 809
273 716
541 979
675 449
179 654
308 956
71 868
132 972
496 826
832 676
210 8
194 645
182 98
239 375
206 100
775 663
253 23
914 969
718 195
498 414
685 906
427 934
216 915
401 775
718 114
889 640
600 845
86 744
656 559
452 386
441 119
812 418
542 207
323 375
38 990
29 57
437 276
76 244
673 14
33 175
83 801
549 516
397 279
513 534
497 363
170 403
545 165
456 828
218 391
973 565
188 339
155 410
352 144
1000 749
838 765
804 549
145 96
218 566
679 487
644 302
351 886
902 642
706 259
213 881
342 607
936 260
207 343
559 162
192 52
608 989
718 833
222 880
683 654
509 953
746 630
140 131
857 695
734 239
83 443
671 730
641 531
794 51
278 896
984 733
469 795
236 634
113 54
81 959
173 103
547 294
270 899
714 349
698 838
799 68
103 379
731 563
719 925
522 507
334 181
234 265
966 590
290 39
958 590
360 447
180 714
841 688
333 468
962 388
405 438
108 852
366 849
251 804
34 161
345 303
518 48
612 299
750 202
299 490
651 657
347 952
189 471
118 423
872 71
601 911
910 297
553 556
915 85
132 169
265 264
985 409
381 780
536 909
97 745
207 612
868 354
482 421
387 138
705 923
620 274
69 532
433 431
247 901
433 457
749 323
222 221
870 601
908 894
621 488
32 969
587 185
594 663
540 273
410 122
231 230
48 391
637 900
266 450
43 322
163 495
330 388
810 650
595 496
297 597
390 682
478 645
770 317
407 919
841 16
82 116
467 248
949 730
508 446
550 971
475 175
104 595
465 964
837 373
950 188
440 565
8 793
685 65
828 860
569 600
881 926
241 575
37 974
665 429
573 780
639 285
725 869
806 686
422 679
1000 819
34 951
884 453
868 962
426 189
924 632
981 557
603 23
472 531
665 632
316 668
322 528
280 410
355 894
281 839
191 204
217 833
19 55
989 911
630 767
445 849
781 727
194 83
179 317
916 670
96 817
833 264
562 966
778 667
709 885
1000 263
969 984
416 968
398 200
682 63
611 367
294 937
716 52
317 8
619 648
119 318
331 180
960 292
602 281
535 767
402 409
256 285
725 221
542 74
257 519
783 890
79 848
150 3
944 560
175 466
178 402
204 24
199 552
115 533
278 985
80 944
102 317
339 221
876 332
145 628
275 837
404 935
280 749
387 563
743 60
176 782
250 627
548 62
396 259
382 108
537 267
650 618
997 689
797 325
345 826
806 921
975 334
358 785
319 490
598 995
197 970
1000 428
276 583
707 885
229 505
195 169
638 927
395 347
646 784
116 941
440 254
363 968
717 485
465 35
798 126
546 15
216 726
731 9
750 279
826 367
739 514
629 666
284 279
780 684
531 782
548 720
255 812
139 927
530 426
845 355
630 731
9 105
514 982
716 16
455 60
402 72
39 317
995 219
981 916
971 162
459 918
649 170
94 166
477 806
460 564
812 801
445 456
139 869
416 690
438 691
667 395
227 656
981 359
529 430
748 54
363 80
808 227
883 809
684 846
539 117
529 63
53 933
187 351
79 933
409 201
378 750
182 470
829 291
850 388
942 76
516 609
3 334
808 295
421 75
383 593
22 361
315 465
236 821
348 159
208 490
387 973
245 513
836 228
31 299
470 793
128 90
314 381
152 80
106 469
284 597
285 396
453 854
767 920
169 755
538 524
977 100
82 640
157 114
12 859
950 305
919 802
647 775
823 484
33 61
437 275
389 144
836 58
110 337
531 923
588 152
934 372
99 445
786 183
125 753
218 277
471 997
415 950
626 265
466 191
407 178
639 541
14 357
431 968
772 815
368 199
927 823
958 31
463 248
946 226
895 197
973 999
795 958
840 752
782 759
749 640
899 441
153 831
282 93
50 145
809 324
719 201
124 901
840 430
475 469
239 436
40 278
349 308
25 102
63 762
654 719
549 411
724 729
346 423
849 433
850 138
906 648
241 641
775 935
849 450
794 325
284 923
340 783
717 331
431 981
864 880
884 371
958 990
134 12
686 553
817 398
837 579
513 949
950 354
128 469
147 371
7 565
349 873
333 420
25 595
851 731
47 650
817 543
266 367
731 113
590 308
459 274
726 308
798 961
584 333
358 840
252 459
959 500
497 52
801 220
2 740
761 720
320 410
891 85
947 807
144 712
511 684
256 710
994 342
441 590
869 566
801 318
330 298
471 894
227 458
155 121
378 98
472 483
382 554
810 311
257 570
631 625
758 48
615 665
9 637
583 191
306 41
566 907
58 582
828 166
870 553
122 321
977 823
48 399
525 83
909 244
27 706
834 770
771 239
205 535
962 946
136 854
14 923
608 870
625 696
704 265
742 465
616 965
211 363
174 349
858 754
984 553
951 127
898 361
422 875
335 855
352 147
48 188
31 461
694 263
917 44
741 744
867 933
779 7
48 11
285 338
106 273
469 772
464 219
64 805
161 221
162 142
57 412
298 862
501 885
941 760
980 866
287 538
467 654
43 46
281 725
161 63
475 667
612 456
855 180
512 198
821 68
695 687
136 250
190 13
728 713
288 21
803 854
623 313
271 212
644 338
916 671
612 46
584 583
109 212
298 293
265 692
48 772
882 679
160 317
235 787
53 686
644 7
666 635
95 295
23 458
465 778
26 239
602 649
749 294
771 412
790 424
153 981
799 586
508 799
396 667
477 20
409 236
448 774
835 914
875 97
434 873
509 419
736 489
537 744
790 721
723 213
615 867
983 671
779 391
774 670
139 149
379 776
286 452
569 808
508 620
438 131
804 905
475 138
851 343
599 431
733 775
303 82
495 52
889 633
673 548
196 247
385 320
349 555
850 884
161 249
90 769
761 557
686 609
394 353
379 293
237 831
435 510
688 325
599 113
397 527
949 98
199 391
44 52
649 382
760 599
635 837
172 573
502 732
985 310
401 9
313 369
189 286
859 394
425 907
769 934
972 107
298 374
463 592
104 441
378 184
473 228
493 793
277 796
830 232
338 730
708 716
531 205
679 509
94 167
189 81
231 506
683 831
862 168
365 624
293 147
593 917
705 243
192 42
653 883
527 942
378 440
291 910
477 967
135 650
64 20
376 405
231 41
274 994
719 244
946 869
747 23
268 132
823 346
680 220
609 234
383 707
738 462
710 808
195 20
917 386
392 787
135 197
162 357
224 918
150 386
161 396
926 355
712 939
819 977
987 371
346 361
989 385
712 175
343 4
879 438
298 187
112 970
846 165
918 630
703 740
617 99
194 980
871 562
704 308
385 477
298 790
644 666
214 130
750 304
471 273
497 190
886 688
1000 19
237 839
68 707
472 972
327 310
990 626
755 267
80 241
133 9
625 476
821 188
950 592
646 313
191 404
284 26
507 835
53 339
971 240
646 456
647 929
634 403
284 137
235 701
880 310
532 423
493 765
477 664
259 349
334 771
425 101
299 588
520 118
44 876
117 290
711 16
148 946
130 325
558 637
982 557
759 664
808 192
841 33
973 998
503 789
102 408
343 608
396 23
60 823
130 103
663 51
278 23
323 618
239 582
40 392
331 699
962 943
676 61
126 204
110 721
182 290
75 702
442 151
577 592
745 470
850 372
257 10
405 114
101 259
102 36
380 288
132 817
594 132
962 736
870 473
287 771
8 974
688 80
484 243
419 616
438 260
591 454
24 120
940 190
464 143
506 518
346 111
722 258
155 911
788 233
937 721
301 98
281 873
322 7
394 392
809 559
664 294
151 552
572 902
561 610
691 527
475 604
773 29
8 409
856 765
873 545
394 746
345 120
381 778
752 230
576 716
60 469
652 817
853 144
929 736
860 984
934 115
424 504
354 105
787 116
981 60
369 817
913 180
88 881
41 113
904 945
356 702
620 419
141 22
936 482
611 160
615 664
660 650
456 647
867 411
61 304
796 901
909 98
785 156
130 75
666 425
187 209
20 622
500 692
353 995
300 814
415 15
111 668
617 767
524 29
11 946
76 660
171 680
484 433
819 920
591 221
149 106
154 569
208 474
176 209
530 896
729 907
567 447
890 930
281 442
672 317
689 109
419 516
439 601
617 59
245 794
767 677
186 744
704 869
467 941
263 540
952 287
898 861
518 18
332 1
793 212
522 977
560 356
468 577
765 309
751 774
857 76
189 505
523 505
949 303
218 347
56 50
221 904
701 414
497 416
490 955
329 639
792 533
283 154
428 929
14 30
924 385
909 339
431 243
532 718
666 632
424 99
120 562
28 381
605 629
519 805
297 260
151 97
210 735
586 386
469 526
805 228
554 932
302 102
344 984
465 580
376 489
432 267
966 456
956 453
794 408
499 402
138 324
915 644
794 267
79 263
228 963
176 110
563 586
983 877
146 842
55 318
702 815
168 706
423 314
620 760
569 634
328 776
186 426
527 1000
907 454
410 818
821 276
310 795
884 436
315 627
501 840
472 578
933 385
419 689
630 831
702 408
6 403
579 111
997 196
727 63
910 709
185 460
259 565
734 867
445 770
51 439
603 226
552 907
94 507
830 539
99 387
617 450
526 900
564 255
892 220
825 269
807 933
931 461
821 889
326 297
860 785
187 917
955 33
1000 756
855 558
126 650
805 469
950 774
517 481
259 497
83 725
35 598
164 306
166 352
279 67
616 802
252 807
629 339
386 972
554 920
918 489
825 762
945 269
598 577
267 281
157 746
344 547
715 628
310 264
420 344
258 367
206 639
816 397
961 724
283 960
743 218
241 778
469 850
42 845
828 316
166 959
850 164
278 709
831 781
620 574
16 852
806 955
559 557
702 715
352 64
219 582
817 279
732 422
972 629
976 880
613 357
450 331
638 776
95 631
663 801
778 29
906 214
38 989
929 8
215 815
97 676
975 785
400 752
485 549
700 828
789 605
60 579
556 696
830 427
912 852
344 310
17 368
513 619
74 611
350 816
189 146
213 28
238 577
133 443
282 999
766 775
331 107
956 875
403 605
977 704
639 492
437 838
577 491
559 175
688 908
174 907
231 366
16 357
628 962
240 771
519 877
577 388
226 362
154 511
357 724
583 362
474 848
951 710
847 273
638 398
148 512
847 390
25 507
957 706
568 927
880 977
244 500
496 970
634 672
926 674
33 945
966 675
288 966
612 771
825 574
816 312
339 501
881 870
81 63
515 406
98 852
708 397
11 119
86 553
10 815
950 70
737 395
327 799
998 370
102 775
820 630
505 831
824 625
418 222
312 325
703 795
315 586
621 638
91 163
698 505
402 714
261 300
317 5
566 176
860 405
498 242
636 460
798 967
324 586
440 199
313 319
470 60
981 212
263 729
285 509
590 468
100 864
449 56
344 274
87 618
697 274
497 276
80 508
282 584
581 847
449 169
213 48
964 792
89 66
365 277
97 607
539 352
170 261
27 180
621 228
844 325
866 141
762 970
65 362
467 298
692 817
584 2
605 213
610 134
717 674
596 341
135 571
924 348
469 502
382 778
936 114
598 601
829 217
832 35
671 554
636 709
992 953
3 234
81 766
481 164
300 920
508 342
413 727
435 599
111 558
421 552
261 771
374 600
25 928
98 534
797 994
796 731
410 394
693 689
842 393
185 906
873 277
771 540
975 740
727 327
450 401
50 759
548 330
91 481
613 300
102 803
203 632
310 828
498 52
744 292
745 13
896 25
551 891
930 248
471 728
368 615
662 851
264 802
782 420
455 196
536 206
384 587
902 781
834 975
798 690
122 317
269 384
489 890
237 12
938 49
763 76
195 552
623 462
666 935
540 908
27 227
451 956
493 597
540 82
874 740
71 611
35 522
108 172
291 916
952 954
535 361
956 898
98 502
409 321
136 647
486 881
982 618
288 578
202 392
345 935
353 44
207 185
359 82
519 970
645 667
761 8
465 699
211 43
583 451
879 984
754 943
730 255
82 196
628 473
582 249
533 971
715 984
954 368
332 700
438 824
838 131
410 494
943 568
694 845
896 441
788 767
515 321
475 140
229 405
860 25
805 648
884 151
408 114
393 738
989 556
719 711
462 340
871 520
397 811
732 370
310 792
332 832
262 463
501 855
637 203
629 597
392 424
532 73
751 71
495 771
540 556
759 728
209 292
161 473
53 91
9 29
598 47
512 164
534 885
956 300
783 30
204 255
117 554
445 227
138 733
503 301
643 632
825 381
672 24
69 600
765 939
87 643
36 663
442 714
334 852
528 967
565 500
320 17
925 972
567 751
804 739
911 521
364 298
792 959
406 67
537 467
139 580
657 7
36 964
398 743
667 170
193 551
138 715
131 889
230 481
254 201
90 687
70 393
970 651
42 842
222 724
336 547
98 990
137 982
410 450
839 412
287 920
453 416
241 666
671 496
862 707
599 723
399 421
870 386
138 91
947 634
181 167
823 792
702 603
445 722
945 972
410 791
343 247
971 694
882 327
404 361
315 926
209 247
229 252
160 989
214 128
381 401
238 10
833 570
869 428
856 965
621 699
91 868
280 469
858 14
877 994
489 929
954 541
142 110
803 784
995 940
256 765
173 876
155 481
428 987
342 544
192 874
305 525
878 662
292 285
916 951
486 735
213 893
514 586
766 442
680 894
678 217
630 230
813 574
61 185
286 838
583 212
17 179
438 525
679 705
918 283
575 944
49 738
66 640
197 442
568 578
615 852
905 749
357 548
139 497
912 63
841 239
558 64
165 685
656 52
529 826
55 210
348 88
903 256
639 966
875 841
608 972
665 187
165 954
20 793
484 605
993 887
333 238
559 960
271 854
787 553
859 923
362 721
863 947
755 90
22 822
133 824
209 66
391 752
251 843
531 621
569 290
732 314
788 4
457 81
354 688
651 772
750 466
734 823
864 593
276 967
351 269
812 273
122 583
105 403
638 519
949 88
473 407
937 660
61 680
502 794
52 93
364 799
200 712
880 250
527 44
765 625
514 925
660 643
165 299
972 173
352 814
192 711
100 78
598 83
624 762
678 27
423 756
938 783
93 222
634 158
209 953
896 995
224 275
398 957
66 391
4 284
852 184
378 405
14 717
625 450
255 27
421 757
593 876
67 785
178 490
72 633
969 461
700 107
477 190
153 792
886 282
727 770
783 808
292 245
834 935
895 425
571 367
707 639
689 216
90 615
823 13
241 721
77 427
393 628
727 465
294 284
571 77
789 254
868 537
560 218
794 18
200 217
807 984
727 311
160 551
12 568
181 159
859 20
453 811
312 209
683 322
828 809
161 472
764 175
929 70
747 827
587 942
238 194
540 632
156 369
711 513
588 332
789 547
21 905
717 784
427 430
980 453
748 522
587 652
346 786
294 82
223 200
763 79
84 696
857 134
678 948
695 846
759 59
138 649
178 842
806 72
792 646
40 668
179 76
696 354
554 128
477 847
653 844
265 923
430 447
52 977
771 385
979 354
838 475
990 166
664 937
478 474
631 688
338 313
672 697
197 114
494 618
157 772
653 191
33 798
107 397
54 692
330 420
22 470
27 277
706 779
924 81
859 519
788 521
573 473
520 731
558 119
716 130
723 421
941 422
822 427
612 939
498 375
206 956
245 986
513 208
586 550
769 78
98 863
941 328
985 1000
488 48
751 209
733 550
459 497
538 564
902 61
79 553
690 859
985 537
927 922
930 170
532 74
769 360
425 434
741 124
925 101
413 433
397 524
437 315
829 521
521 296
884 152
298 83
882 917
994 571
789 69
797 220
636 100
217 978
187 806
799 783
877 31
737 569
347 704
496 6
886 791
282 897
191 595
319 622
32 184
624 770
308 733
825 493
274 285
60 270
978 777
632 993
338 616
479 526
490 703
787 937
296 140
297 213
135 749
317 978
343 16
994 238
550 392
514 393
917 572
168 213
776 404
794 546
267 283
775 579
978 333
795 257
724 153
413 670
245 747
876 451
681 571
595 29
563 571
641 325
684 285
850 53
523 141
379 631
629 343
55 284
646 865
557 186
763 506
600 675
964 76
551 988
258 977
812 8
315 544
82 749
998 295
871 559
282 200
931 490
950 410
113 641
354 685
448 240
635 516
962 300
891 510
99 542
481 790
704 943
483 352
302 804
88 624
640 455
488 961
844 159
938 212
209 400
968 579
238 869
864 660
630 571
223 243
817 299
527 459
415 813
130 911
42 195
642 341
139 935
446 289
726 605
269 344
219 268
293 82
832 396
32 585
865 132
729 52
587 943
35 743
553 358
739 79
800 217
378 957
835 909
235 988
437 836
921 635
886 29
579 679
908 855
981 263
378 812
343 786
364 271
222 885
98 447
502 389
895 86
509 503
326 215
79 901
826 804
870 936
876 257
783 727
954 471
93 105
934 609
376 476
542 694
173 209
457 154
689 179
46 272
103 225
931 74
491 579
149 9
322 69
328 100
55 499
850 25
627 271
157 415
655 640
177 321
34 202
452 205
651 744
509 940
592 608
337 123
998 368
379 384
158 674
668 475
185 191
497 893
480 525
997 56
637 1
161 166
659 419
91 165
437 81
842 718
811 172
461 363
394 292
821 507
380 157
675 315
26 927
836 147
835 179
764 251
270 881
660 942
510 923
632 605
782 377
109 91
809 701
402 125
39 368
740 451
744 902
997 508
963 676
341 120
472 201
240 357
295 538
777 424
284 232
36 601
293 118
165 282
506 434
389 547
504 585
731 942
844 327
723 622
316 168
135 676
482 128
563 153
502 199
175 231
274 756
791 953
758 52
762 710
414 973
731 844
194 644
166 569
490 206
226 268
870 557
176 569
487 119
842 66
53 921
461 536
888 764
202 372
610 345
701 654
794 16
300 809
824 979
73 481
789 283
239 468
131 705
315 428
210 58
546 544
628 236
510 281
940 1000
746 43
695 118
20 830
591 129
225 520
210 348
909 692
150 568
872 748
245 886
366 154
919 896
354 738
302 898
431 602
180 582
916 470
962 276
251 967
933 693
527 248
683 466
129 128
483 184
856 958
602 174
124 190
717 175
920 687
482 352
303 370
967 811
129 251
67 545
531 68
199 82
592 459
301 898
123 348
260 813
75 209
661 826
574 245
283 12
199 880
457 273
700 699
763 356
361 973
913 38
198 40
790 428
370 901
294 543
292 731
788 837
611 814
357 746
174 48
839 966
642 286
438 869
519 964
645 665
116 327
387 681
830 671
476 467
616 775
266 570
876 329
3 345
336 938
742 358
559 308
706 776
158 759
140 934
783 956
625 856
975 557
168 423
944 312
921 64
871 215
96 708
451 280
181 431
988 81
201 434
580 138
798 321
195 172
521 764
134 57
906 942
160 580
342 316
713 440
106 925
96 406
261 330
501 853
530 645
204 383
860 424
789 868
189 568
501 710
997 193
781 788
401 591
211 820
177 964
252 408
91 794
110 42
795 478
337 766
820 253
177 853
125 631
532 169
114 488
422 49
669 16
947 754
216 360
514 979
731 347
768 463
807 934
762 703
982 456
252 749
454 881
754 299
368 498
842 95
777 480
998 618
502 109
716 738
838 651
491 508
678 32
754 442
59 347
40 227
916 780
162 842
568 313
535 399
338 395
157 965
212 144
126 506
642 371
349 88
16 418
387 372
710 2
838 789
996 939
905 832
510 119
644 571
371 271
44 351
282 783
525 488
34 453
162 270
153 216
119 810
410 448
950 206
116 232
776 977
962 664
375 589
674 260
547 110
860 255
54 34
737 364
511 484
710 601
824 600
275 288
37 897
756 303
615 468
393 877
151 652
621 919
275 401
685 678
626 894
128 381
994 709
976 145
927 526
397 559
915 206
207 872
173 992
155 709
816 697
711 456
358 816
108 675
548 832
42 49
445 148
726 15
568 153
218 286
146 19
593 698
812 988
502 990
263 916
985 48
237 355
133 440
28 130
144 911
825 293
625 250
93 420
702 681
739 78
134 786
727 517
959 706
438 585
393 366
572 293
334 592
373 681
67 823
504 891
835 961
965 786
412 950
182 516
421 672
831 953
278 43
232 605
250 466
14 529
177 460
58 641
974 915
421 561
775 678
378 638
45 22
525 268
983 560
349 672
900 816
831 748
874 1
909 574
579 956
799 777
733 218
606 600
612 925
560 816
832 565
411 94
210 377
780 813
965 487
73 695
721 771
647 31
209 55
750 758
767 572
849 309
209 64
357 203
135 344
432 993
640 134
694 969
881 726
683 344
975 976
428 629
646 255
705 593
103 906
640 420
437 370
459 230
77 811
634 624
984 832
423 912
469 50
52 974
184 190
421 191
403 668
5 304
423 609
304 899
86 293
514 778
53 548
294 790
443 584
677 223
18 972
862 213
536 689
726 868
322 630
490 756
445 265
679 534
188 83
64 33
528 656
343 817
808 160
809 137
519 850
277 419
390 898
876 51
691 237
396 55
179 897
666 437
633 958
904 610
779 638
211 980
432 355
822 560
736 433
19 921
168 317
921 225
353 999
137 818
840 463
992 154
723 26
539 133
190 793
323 872
16 768
549 442
33 495
384 922
712 920
440 571
572 764
922 415
906 824
256 93
475 67
607 938
647 3
214 492
750 658
896 109
609 722
403 143
679 499
618 256
696 714
489 716
939 793
59 622
292 104
177 991
406 796
498 789
66 497
284 440
947 616
512 219
750 95
830 407
303 381
341 170
705 863
78 715
523 586
411 980
34 629
971 188
899 939
717 912
901 217
354 150
429 712
229 758
857 53
577 182
110 917
743 737
283 15
964 910
731 909
827 714
443 709
874 739
16 273
415 683
397 140
990 21
428 543
162 918
366 539
92 537
939 870
344 988
588 583
594 516
62 812
710 950
509 303
291 68
97 405
807 29
154 212
248 39
299 311
653 270
161 407
822 655
89 946
756 135
166 919
422 453
832 863
427 661
963 487
103 296
106 92
582 88
408 489
736 187
864 96
655 178
663 714
183 968
67 331
509 994
236 862
629 977
426 470
110 334
621 801
12 591
721 843
439 520
444 994
360 509
968 252
417 106
113 667
721 996
684 232
299 10
18 430
698 444
807 242
129 975
647 261
81 470
682 872
294 146
575 231
498 825
808 709
894 939
570 997
80 153
687 526
464 760
325 713
677 548
199 160
131 384
830 2
902 639
338 836
672 172
844 426
369 782
207 602
528 939
907 868
473 792
660 564
476 585
544 69
199 855
596 281
889 273
619 904
307 270
684 836
792 898
558 981
179 840
805 132
316 439
762 227
190 835
658 998
257 775
75 568
349 441
810 701
351 735
923 502
442 36
945 146
231 949
13 322
343 735
413 906
261 856
278 878
500 938
249 750
983 559
250 657
235 463
54 769
677 339
44 239
135 192
780 187
188 835
608 914
475 237
23 655
67 295
54 35
552 739
512 327
324 301
972 625
755 67
262 177
627 979
160 609
267 903
822 215
683 383
160 976
341 728
723 378
298 930
362 837
556 805
447 410
817 727
413 260
949 498
381 752
494 465
920 744
796 331
834 50
341 98
568 154
900 185
424 370
186 881
227 71
748 995
485 126
291 738
18 86
866 370
19 493
688 674
502 78
623 594
383 217
80 562
812 771
447 460
766 922
450 604
112 99
735 901
776 340
562 381
14 756
383 63
663 217
187 256
529 29
143 769
221 33
232 774
693 903
286 615
433 17
969 423
309 910
559 892
883 553
420 489
462 164
535 225
173 96
676 470
908 405
549 928
132 943
149 23
923 752
28 916
12 305
881 794
964 201
606 601
239 144
918 821
172 47
524 340
765 232
916 222
737 399
849 341
668 783
150 530
355 540
7 255
236 314
195 103
718 81
464 132
64 846
671 293
360 53
508 85
411 572
428 630
530 714
858 207
342 468
164 988
237 770
590 318
42 496
542 445
47 513
158 426
587 532
180 102
734 965
527 440
4 987
460 261
488 401
130 913
772 448
132 39
207 621
616 194
821 957
208 596
672 67
661 917
761 421
853 509
362 440
624 987
239 786
442 624
903 669
800 342
912 368
70 8
274 517
973 901
23 130
995 725
465 962
49 362
356 921
231 31
975 172
279 357
905 782
908 91
514 254
36 110
346 898
414 295
435 712
184 74
281 242
859 685
896 465
542 483
704 446
462 418
157 496
879 279
382 341
572 765
828 599
558 312
410 680
569 609
574 783
935 694
968 596
96 285
890 682
393 859
674 444
677 971
107 895
590 120
149 382
725 991
104 903
656 622
424 782
920 915
926 610
176 387
158 648
631 442
613 923
138 963
752 510
952 403
610 755
332 397
833 400
666 122
377 524
91 990
312 929
296 486
683 242
904 229
777 121
304 977
964 745
228 305
679 326
207 577
136 478
763 49
302 431
375 271
748 811
6 972
731 543
240 18
60 357
781 259
363 220
164 283
535 756
419 251
944 879
166 956
748 201
89 380
438 601
22 792
372 225
727 989
874 627
191 879
141 134
110 961
448 263
921 418
848 654
154 51
658 899
308 824
862 355
918 433
466 400
814 797
611 407
872 782
248 40
546 723
625 815
883 319
404 140
671 91
68 17
49 248
716 869
1 72
594 73
86 597
822 89
457 751
484 176
910 940
816 945
597 87
234 618
199 492
418 373
189 566
544 555
835 252
467 16
180 431
18 318
56 245
220 952
336 165
925 19
363 636
312 974
618 94
958 69
640 284
109 33
277 949
294 125
223 41
575 452
429 666
998 981
235 727
923 817
900 85
38 639
904 16
902 527
501 312
907 871
769 858
347 882
331 329
563 162
302 314
819 204
341 272
434 82
273 208
58 806
626 926
550 511
500 358
248 503
448 201
130 413
564 691
339 17
362 146
700 46
940 765
151 358
942 87
537 383
663 267
277 188
437 521
541 939
1000 897
272 711
14 853
456 49
383 606
978 106
323 803
474 701
606 610
188 719
836 227
236 835
845 875
918 921
19 655
974 737
147 495
665 366
703 738
765 37
358 581
289 66
401 648
114 217
150 849
9 323
375 770
546 42
616 689
915 867
609 906
132 489
595 715
156 261
928 470
13 652
677 741
66 54
892 142
271 229
350 870
404 307
311 841
169 176
857 652
469 141
327 227
40 931
611 428
776 119
482 8
744 843
198 340
147 758
829 494
619 998
602 728
325 863
625 329
624 166
350 418
558 903
64 199
834 503
709 761
981 260
987 971
991 703
628 694
395 397
842 45
643 20
754 785
179 980
111 519
438 803
813 365
210 962
762 375
945 189
927 485
322 980
287 90
59 168
903 380
652 60
144 363
105 637
728 601
306 723
715 885
116 206
154 559
659 710
475 121
183 424
474 435
650 414
894 695
38 611
648 691
637 143
864 659
381 433
555 164
80 68
704 910
138 581
88 591
473 411
700 878
497 45
463 752
872 79
475 867
126 922
452 979
753 252
971 261
609 880
179 701
8 415
924 149
156 15
325 640
351 188
83 968
925 765
203 509
373 773
763 133
298 1
454 206
899 879
117 256
744 566
64 715
197 376
948 416
201 893
718 826
694 524
710 174
359 468
141 97
786 342
165 875
918 315
667 249
279 247
235 728
100 988
434 715
788 787
255 148
383 419
44 515
743 131
104 407
982 813
969 66
953 837
895 33
754 900
116 413
634 350
905 926
728 881
159 99
343 646
186 207
358 449
107 707
440 590
148 263
666 196
153 431
634 560
126 889
953 400
558 313
979 740
85 797
357 24
858 543
306 838
293 864
699 229
573 772
30 1
931 470
167 920
940 152
906 24
466 531
784 558
641 221
436 975
111 207
976 204
759 755
501 751
925 157
109 282
36 909
773 345
806 867
221 785
994 531
631 298
647 705
981 791
144 668
643 515
327 26
437 630
88 117
369 864
665 787
597 200
907 890
184 459
705 127
250 84
322 553
571 850
539 240
299 795
619 942
804 688
145 433
59 407
260 902
357 98
321 656
107 99
571 560
745 741
211 65
529 228
303 657
913 837
516 486
168 140
645 646
848 564
770 989
468 455
896 656
540 154
937 814
813 437
600 318
306 441
605 51
6 958
281 205
135 222
196 472
271 558
960 499
628 507
900 778
975 342
580 358
169 565
707 586
3 649
133 602
137 453
157 324
855 301
582 559
769 66
814 562
214 270
167 956
915 803
